# Created by Octave 2.1.35, Wed Apr 30 15:57:34 2003 EDT <eric@ericstonekinglaptop.gsfc.nasa.gov>
# name: R
# type: matrix
# rows: 121
# columns: 8
 -0.0499999999999999 -0.572957795130823 -0.0499999999999999 0.572957795130823 6.30191099269832e-17 -0.286478897565412 6.30191099269832e-17 0.286478897565412
 -0.0488401042852633 -0.572891875472574 -0.0488401042852633 0.572891875472574 -0.00115989571473664 -0.286412977907163 -0.00115989571473664 0.286412977907163
 -0.0476796892443643 -0.572829050021355 -0.0476796892443643 0.572829050021355 -0.00232031075563577 -0.286350152455943 -0.00232031075563577 0.286350152455943
 -0.0465187793868904 -0.57276932557181 -0.0465187793868904 0.57276932557181 -0.00348122061310957 -0.286290428006397 -0.00348122061310957 0.286290428006397
 -0.0453573993465032 -0.572712708597929 -0.0453573993465032 0.572712708597929 -0.00464260065349701 -0.286233811032516 -0.00464260065349701 0.286233811032516
 -0.0441955738751109 -0.572659205250146 -0.0441955738751109 0.572659205250146 -0.00580442612488901 -0.286180307684734 -0.00580442612488901 0.286180307684734
 -0.0430333278369619 -0.572608821352566 -0.0430333278369619 0.572608821352566 -0.00696667216303808 -0.286129923787155 -0.00696667216303808 0.286129923787155
 -0.0418706862026533 -0.572561562400336 -0.0418706862026533 0.572561562400336 -0.00812931379734666 -0.286082664834924 -0.00812931379734666 0.286082664834924
 -0.0407076740430701 -0.572517433557146 -0.0407076740430701 0.572517433557146 -0.00929232595692983 -0.286038535991734 -0.00929232595692983 0.286038535991734
 -0.039544316523249 -0.572476439652888 -0.039544316523249 0.572476439652888 -0.0104556834767508 -0.285997542087477 -0.0104556834767508 0.285997542087477
 -0.0383806388961777 -0.572438585181454 -0.0383806388961777 0.572438585181454 -0.0116193611038224 -0.285959687616042 -0.0116193611038224 0.285959687616042
 -0.0600000000000001 -0.572957795130823 -0.0600000000000001 0.572957795130823 7.14653555785544e-17 -0.286478897565412 7.14653555785544e-17 0.286478897565412
 -0.0588417700214846 -0.572878489008489 -0.0588417700214846 0.572878489008489 -0.00115822997851511 -0.286399591443078 -0.00115822997851511 0.286399591443078
 -0.0576829146568991 -0.572802250887429 -0.0576829146568991 0.572802250887429 -0.00231708534310085 -0.286323353322018 -0.00231708534310085 0.286323353322018
 -0.0565234579025527 -0.57272908894562 -0.0565234579025527 0.57272908894562 -0.00347654209744733 -0.286250191380208 -0.00347654209744733 0.286250191380208
 -0.0553634239038037 -0.572659011052853 -0.0553634239038037 0.572659011052853 -0.00463657609619636 -0.286180113487441 -0.00463657609619636 0.286180113487441
 -0.0542028369495972 -0.572592024767257 -0.0542028369495972 0.572592024767257 -0.00579716305040302 -0.286113127201845 -0.00579716305040302 0.286113127201845
 -0.0530417214669031 -0.572528137331937 -0.0530417214669031 0.572528137331937 -0.00695827853309681 -0.286049239766526 -0.00695827853309681 0.286049239766526
 -0.0518801020150614 -0.57246735567175 -0.0518801020150614 0.57246735567175 -0.00811989798493874 -0.285988458106339 -0.00811989798493874 0.285988458106339
 -0.0507180032800303 -0.572409686390199 -0.0507180032800303 0.572409686390199 -0.00928199671996946 -0.285930788824787 -0.00928199671996946 0.285930788824787
 -0.0495554500685524 -0.572355135766466 -0.0495554500685524 0.572355135766466 -0.0104445499314475 -0.285876238201054 -0.0104445499314475 0.285876238201054
 -0.0483924673022292 -0.57230370975258 -0.0483924673022292 0.57230370975258 -0.0116075326977709 -0.285824812187168 -0.0116075326977709 0.285824812187168
 -0.0699999999999999 -0.572957795130823 -0.0699999999999999 0.572957795130823 4.16272367234656e-17 -0.286478897565412 4.16272367234656e-17 0.286478897565412
 -0.068843742520381 -0.57286516507067 -0.068843742520381 0.57286516507067 -0.00115625747961906 -0.286386267505259 -0.00115625747961906 0.286386267505259
 -0.0676867552296938 -0.572775572008223 -0.0676867552296938 0.572775572008223 -0.00231324477030609 -0.286296674442811 -0.00231324477030609 0.286296674442811
 -0.0665290615185663 -0.57268902546011 -0.0665290615185663 0.57268902546011 -0.00347093848143379 -0.286210127894699 -0.00347093848143379 0.286210127894699
 -0.0653706849502592 -0.572605534649426 -0.0653706849502592 0.572605534649426 -0.00462931504974087 -0.286126637084016 -0.00462931504974087 0.286126637084016
 -0.0642116492556308 -0.572525108501726 -0.0642116492556308 0.572525108501726 -0.00578835074436915 -0.286046210936315 -0.00578835074436915 0.286046210936315
 -0.0630519783279862 -0.572447755641129 -0.0630519783279862 0.572447755641129 -0.00694802167201389 -0.285968858075717 -0.00694802167201389 0.285968858075717
 -0.061891696217817 -0.572373484386539 -0.061891696217817 0.572373484386539 -0.00810830378218313 -0.285894586821128 -0.00810830378218313 0.285894586821128
 -0.0607308271274346 -0.572302302747976 -0.0607308271274346 0.572302302747976 -0.00926917287256529 -0.285823405182564 -0.00926917287256529 0.285823405182564
 -0.0595693954054993 -0.572234218423027 -0.0595693954054993 0.572234218423027 -0.0104306045945008 -0.285755320857616 -0.0104306045945008 0.285755320857616
 -0.0584074255414463 -0.572169238793424 -0.0584074255414463 0.572169238793424 -0.0115925744585536 -0.285690341228013 -0.0115925744585536 0.285690341228013
 -0.0800000000000001 -0.572957795130823 -0.0800000000000001 0.572957795130823 2.8717933282182e-18 -0.286478897565412 2.8717933282182e-18 0.286478897565412
 -0.0788460186824781 -0.572851914099578 -0.0788460186824781 0.572851914099578 -0.00115398131752173 -0.286373016534165 -0.00115398131752173 0.286373016534165
 -0.0776912050314219 -0.572749034385731 -0.0776912050314219 0.572749034385731 -0.002308794968578 -0.286270136820318 -0.002308794968578 0.286270136820318
 -0.0765355817437638 -0.572649166792809 -0.0765355817437638 0.572649166792809 -0.00346441825623622 -0.286170269227397 -0.00346441825623622 0.286170269227397
 -0.0753791717110552 -0.572552321847469 -0.0753791717110552 0.572552321847469 -0.0046208282889447 -0.286073424282057 -0.0046208282889447 0.286073424282057
 -0.0742219980149095 -0.572458509795021 -0.0742219980149095 0.572458509795021 -0.00577800198509063 -0.285979612229609 -0.00577800198509063 0.285979612229609
 -0.0730640839223186 -0.572367740595053 -0.0730640839223186 0.572367740595053 -0.00693591607768132 -0.285888843029641 -0.00693591607768132 0.285888843029641
 -0.0719054528808501 -0.572280023917149 -0.0719054528808501 0.572280023917149 -0.00809454711915009 -0.285801126351736 -0.00809454711915009 0.285801126351736
 -0.0707461285137193 -0.572195369136701 -0.0707461285137193 0.572195369136701 -0.00925387148628065 -0.285716471571289 -0.00925387148628065 0.285716471571289
 -0.0695861346147499 -0.572113785330841 -0.0695861346147499 0.572113785330841 -0.01041386538525 -0.285634887765429 -0.01041386538525 0.285634887765429
 -0.0684254951432141 -0.572035281274462 -0.0684254951432141 0.572035281274462 -0.0115745048567862 -0.285556383709049 -0.0115745048567862 0.285556383709049
 -0.0899999999999998 -0.572957795130823 -0.0899999999999998 0.572957795130823 -4.17180493769553e-17 -0.286478897565412 -4.17180493769553e-17 0.286478897565412
 -0.0888485949407591 -0.572838746345492 -0.0888485949407591 0.572838746345492 -0.0011514050592407 -0.28635984878008 -0.0011514050592407 0.28635984878008
 -0.0876962571853265 -0.572722658659176 -0.0876962571853265 0.572722658659176 -0.00230374281467359 -0.286243761093764 -0.00230374281467359 0.286243761093764
 -0.0865430086539204 -0.572609544103957 -0.0865430086539204 0.572609544103957 -0.00345699134607979 -0.286130646538545 -0.00345699134607979 0.286130646538545
 -0.0853888714815776 -0.572499414453528 -0.0853888714815776 0.572499414453528 -0.00461112851842245 -0.286020516888117 -0.00461112851842245 0.286020516888117
 -0.0842338680141213 -0.572392281218319 -0.0842338680141213 0.572392281218319 -0.00576613198587845 -0.285913383652908 -0.00576613198587845 0.285913383652908
 -0.0830780208039944 -0.572288155640692 -0.0830780208039944 0.572288155640692 -0.00692197919600561 -0.28580925807528 -0.00692197919600561 0.28580925807528
 -0.0819213526059597 -0.572187048690217 -0.0819213526059597 0.572187048690217 -0.00807864739404055 -0.285708151124805 -0.00807864739404055 0.285708151124805
 -0.0807638863726718 -0.572088971059038 -0.0807638863726718 0.572088971059038 -0.00923611362732823 -0.285610073493626 -0.00923611362732823 0.285610073493626
 -0.0796056452501184 -0.571993933157316 -0.0796056452501184 0.571993933157316 -0.0103943547498814 -0.285515035591904 -0.0103943547498814 0.285515035591904
 -0.0784466525729356 -0.571901945108772 -0.0784466525729356 0.571901945108772 -0.0115533474270643 -0.285423047543361 -0.0115533474270643 0.285423047543361
 -0.0999999999999999 -0.572957795130823 -0.0999999999999999 0.572957795130823 -9.7886030136035e-18 -0.286478897565412 -9.7886030136035e-18 0.286478897565412
 -0.0988514672745228 -0.572825671842797 -0.0988514672745228 0.572825671842797 -0.00114853272547716 -0.286346774277385 -0.00114853272547716 0.286346774277385
 -0.0977019038956209 -0.572696465052586 -0.0977019038956209 0.572696465052586 -0.00229809610437913 -0.286217567487174 -0.00229809610437913 0.286217567487174
 -0.0965513309293213 -0.572570187956425 -0.0965513309293213 0.572570187956425 -0.00344866907067881 -0.286091290391013 -0.00344866907067881 0.286091290391013
 -0.09539976967472 -0.572446853512258 -0.09539976967472 0.572446853512258 -0.00460023032528033 -0.285967955946847 -0.00460023032528033 0.285967955946847
 -0.0942472416605109 -0.572326474434524 -0.0942472416605109 0.572326474434524 -0.00575275833948903 -0.285847576869112 -0.00575275833948903 0.285847576869112
 -0.0930937686413787 -0.572209063188991 -0.0930937686413787 0.572209063188991 -0.00690623135862133 -0.28573016562358 -0.00690623135862133 0.28573016562358
 -0.0919393725942447 -0.572094631987665 -0.0919393725942447 0.572094631987665 -0.00806062740575534 -0.285615734422254 -0.00806062740575534 0.285615734422254
 -0.090784075714381 -0.571983192783755 -0.090784075714381 0.571983192783755 -0.00921592428561925 -0.285504295218343 -0.00921592428561925 0.285504295218343
 -0.0896279004113816 -0.571874757266707 -0.0896279004113816 0.571874757266707 -0.0103720995886184 -0.285395859701295 -0.0103720995886184 0.285395859701295
 -0.0884708693050027 -0.571769336857323 -0.0884708693050027 0.571769336857323 -0.0115291306949976 -0.28529043929191 -0.0115291306949976 0.28529043929191
 -0.11 -0.572957795130823 -0.11 0.572957795130823 2.47895510811517e-17 -0.286478897565412 2.47895510811517e-17 0.286478897565412
 -0.108854631224902 -0.572812700385422 -0.108854631224902 0.572812700385422 -0.00114536877509775 -0.286333802820011 -0.00114536877509775 0.286333802820011
 -0.107708136477317 -0.572670473324565 -0.107708136477317 0.572670473324565 -0.00229186352268284 -0.286191575759155 -0.00229186352268284 0.286191575759155
 -0.106560535897625 -0.572531128238773 -0.106560535897625 0.572531128238773 -0.0034394641023746 -0.286052230673362 -0.0034394641023746 0.286052230673362
 -0.105411849875444 -0.572394679201752 -0.105411849875444 0.572394679201752 -0.00458815012455614 -0.28591578163634 -0.00458815012455614 0.28591578163634
 -0.104262099046745 -0.57226114006492 -0.104262099046745 0.57226114006492 -0.00573790095325502 -0.285782242499509 -0.00573790095325502 0.285782242499509
 -0.103111304290834 -0.572130524451955 -0.103111304290834 0.572130524451955 -0.00688869570916573 -0.285651626886544 -0.00688869570916573 0.285651626886544
 -0.101959486727182 -0.57200284575339 -0.101959486727182 0.57200284575339 -0.00804051327281767 -0.285523948187979 -0.00804051327281767 0.285523948187979
 -0.100806667712112 -0.571878117121258 -0.100806667712112 0.571878117121258 -0.0091933322878876 -0.285399219555848 -0.0091933322878876 0.285399219555848
 -0.0996528688353447 -0.571756351463787 -0.0996528688353447 0.571756351463787 -0.0103471311646554 -0.285277453898375 -0.0103471311646554 0.285277453898375
 -0.0984981119163972 -0.57163756144014 -0.0984981119163972 0.57163756144014 -0.0115018880836027 -0.285158663874729 -0.0115018880836027 0.285158663874729
 -0.12 -0.572957795130824 -0.12 0.572957795130824 -9.46998765050224e-17 -0.286478897565412 -9.46998765050224e-17 0.286478897565412
 -0.118858081911932 -0.572799841503581 -0.118858081911932 0.572799841503581 -0.00114191808806769 -0.286320943938169 -0.00114191808806769 0.286320943938169
 -0.117714945389264 -0.572644702720575 -0.117714945389264 0.572644702720575 -0.00228505461073635 -0.286165805155164 -0.00228505461073635 0.286165805155164
 -0.116570609581715 -0.572492394091888 -0.116570609581715 0.572492394091888 -0.00342939041828488 -0.286013496526476 -0.00342939041828488 0.286013496526476
 -0.115425093902218 -0.572342930733424 -0.115425093902218 0.572342930733424 -0.00457490609778252 -0.285864033168012 -0.00457490609778252 0.285864033168012
 -0.114278418024643 -0.572196327561236 -0.114278418024643 0.572196327561236 -0.0057215819753573 -0.285717429995825 -0.0057215819753573 0.285717429995825
 -0.113130601881389 -0.572052599285858 -0.113130601881389 0.572052599285858 -0.00686939811861112 -0.285573701720447 -0.00686939811861112 0.285573701720447
 -0.111981665660818 -0.571911760406671 -0.111981665660818 0.571911760406671 -0.00801833433918181 -0.285432862841259 -0.00801833433918181 0.285432862841259
 -0.11083162980455 -0.571773825206287 -0.11083162980455 0.571773825206287 -0.00916837019545032 -0.285294927640875 -0.00916837019545032 0.285294927640875
 -0.109680515004603 -0.571638807744975 -0.109680515004603 0.571638807744975 -0.0103194849953976 -0.285159910179563 -0.0103194849953976 0.285159910179563
 -0.108528342200393 -0.571506721855117 -0.108528342200393 0.571506721855117 -0.0114716577996072 -0.285027824289705 -0.0114716577996072 0.285027824289705
 -0.13 -0.572957795130823 -0.13 0.572957795130823 -5.82318069075172e-17 -0.286478897565412 -5.82318069075172e-17 0.286478897565412
 -0.128861814053043 -0.572787104441896 -0.128861814053043 0.572787104441896 -0.00113818594695726 -0.286308206876484 -0.00113818594695726 0.286308206876484
 -0.127722320270166 -0.572619171927889 -0.127722320270166 0.572619171927889 -0.00227767972983344 -0.286140274362477 -0.00227767972983344 0.286140274362477
 -0.126581536752202 -0.572454013839536 -0.126581536752202 0.572454013839536 -0.00341846324779775 -0.285975116274124 -0.00341846324779775 0.285975116274124
 -0.125439481874895 -0.572291646256937 -0.125439481874895 0.572291646256937 -0.00456051812510501 -0.285812748691525 -0.00456051812510501 0.285812748691525
 -0.124296174287256 -0.572132085083757 -0.124296174287256 0.572132085083757 -0.00570382571274428 -0.285653187518345 -0.00570382571274428 0.285653187518345
 -0.123151632909766 -0.571975346041418 -0.123151632909766 0.571975346041418 -0.00684836709023435 -0.285496448476006 -0.00684836709023435 0.285496448476006
 -0.122005876932437 -0.571821444663305 -0.122005876932437 0.571821444663305 -0.00799412306756292 -0.285342547097892 -0.00799412306756292 0.285342547097892
 -0.120858925812725 -0.571670396288966 -0.120858925812725 0.571670396288966 -0.00914107418727512 -0.285191498723555 -0.00914107418727512 0.285191498723555
 -0.119710799273292 -0.57152221605835 -0.119710799273292 0.57152221605835 -0.0102892007267084 -0.285043318492938 -0.0102892007267084 0.285043318492938
 -0.118561517299624 -0.571376918906027 -0.118561517299624 0.571376918906027 -0.0114384827003758 -0.284898021340616 -0.0114384827003758 0.284898021340616
 -0.14 -0.572957795130824 -0.14 0.572957795130824 -5.84039631651112e-17 -0.286478897565411 -5.84039631651112e-17 0.286478897565411
 -0.138865821982853 -0.572774498139023 -0.138865821982853 0.572774498139023 -0.00113417801714688 -0.286295600573612 -0.00113417801714688 0.286295600573612
 -0.137730249977338 -0.57259389903349 -0.137730249977338 0.57259389903349 -0.00226975002266186 -0.286115001468079 -0.00226975002266186 0.286115001468079
 -0.136593300984223 -0.572416014923188 -0.136593300984223 0.572416014923188 -0.00340669901577739 -0.285937117357777 -0.00340669901577739 0.285937117357777
 -0.135454992288574 -0.572240862770652 -0.135454992288574 0.572240862770652 -0.00454500771142639 -0.285761965205241 -0.00454500771142639 0.285761965205241
 -0.134315341458729 -0.572068459386133 -0.134315341458729 0.572068459386133 -0.00568465854127106 -0.28558956182072 -0.00568465854127106 0.28558956182072
 -0.133174366345125 -0.571898821421715 -0.133174366345125 0.571898821421715 -0.00682563365487493 -0.285419923856303 -0.00682563365487493 0.285419923856303
 -0.132032085078984 -0.571731965365442 -0.132032085078984 0.571731965365442 -0.00796791492101612 -0.285253067800031 -0.00796791492101612 0.285253067800031
 -0.130888516070854 -0.571567907535415 -0.130888516070854 0.571567907535415 -0.00911148392914643 -0.285089009970003 -0.00911148392914643 0.285089009970003
 -0.129743678009004 -0.571406664073887 -0.129743678009004 0.571406664073887 -0.0102563219909959 -0.284927766508475 -0.0102563219909959 0.284927766508475
 -0.128597589857676 -0.571248250941364 -0.128597589857676 0.571248250941364 -0.011402410142324 -0.284769353375952 -0.011402410142324 0.284769353375952
 -0.15 -0.572957795130823 -0.15 0.572957795130823 8.65317742043739e-18 -0.286478897565412 8.65317742043739e-18 0.286478897565412
 -0.148870099674129 -0.572762031208853 -0.148870099674129 0.572762031208853 -0.00112990032587088 -0.286283133643441 -0.00112990032587088 0.286283133643441
 -0.14773872262791 -0.572568901485057 -0.14773872262791 0.572568901485057 -0.00226127737208978 -0.286090003919646 -0.00226127737208978 0.286090003919646
 -0.146605884718129 -0.572378423841399 -0.146605884718129 0.572378423841399 -0.00339411528187111 -0.285899526275988 -0.00339411528187111 0.285899526275988
 -0.145471602092916 -0.572190616038027 -0.145471602092916 0.572190616038027 -0.00452839790708414 -0.285711718472616 -0.00452839790708414 0.285711718472616
 -0.144335891191329 -0.572005495707432 -0.144335891191329 0.572005495707432 -0.00566410880867158 -0.28552659814202 -0.00566410880867158 0.28552659814202
 -0.143198768742796 -0.571823080348581 -0.143198768742796 0.571823080348581 -0.00680123125720405 -0.28534418278317 -0.00680123125720405 0.28534418278317
 -0.142060251766429 -0.571643387321018 -0.142060251766429 0.571643387321018 -0.00793974823357127 -0.285164489755605 -0.00793974823357127 0.285164489755605
 -0.140920357570186 -0.571466433838928 -0.140920357570186 0.571466433838928 -0.00907964242981406 -0.284987536273516 -0.00907964242981406 0.284987536273516
 -0.139779103749904 -0.571292236965193 -0.139779103749904 0.571292236965193 -0.0102208962500966 -0.284813339399781 -0.0102208962500966 0.284813339399781
 -0.138636508188177 -0.571120813605416 -0.138636508188177 0.571120813605416 -0.0113634918118228 -0.284641916040004 -0.0113634918118228 0.284641916040004
