      7     4  1970  6400  2100  1024  1024 13548
   1442   256     3     0     0     3  2310     0    27  2520  5907    37
     19    19    19    18    17    16    15    13    12    11    10     9
      8     7     6     6     5     4     4     3     3     3     2    32
   2625  7393    72    33    33    32    30    28    26    24    22    19
     17    16    14    12    11     9     8     7     6     6     5     4
      4     3     2     3     2     2     2    34  2730  7926   171    55
     49    46    42    38    34    30    27    23    20    18    15    13
     11    10     8     7     6     5     4     4     2     3     2     1
      2     2     1     1     0    35  2835  8153   279    85    72    65
     58    51    44    37    32    26    22    18    15    12    10     8
      6     6     4     4     2     3     3     2     1     0     0     0
      0     0     0     0    36  2940  8339   389   123   105    93    80
     67    55    45    36    29    23    18    14    11     9     7     5
      4     4     2     1     1     0     0     0     0     0     0     0
      0     0     0     0    37  3045  8464   402   184   168   145   119
     95    73    55    41    30    22    16    11    10     7     5     3
      1     1     0     0     0     0     0     0     0     0     0     0
      0     0     0     0     0    37  3150  8568   354   261   245   212
    172   131    97    69    48    33    23    16    13     8     4     2
      1     1     0     0     0     0     0     0     0     0     0     0
      0     0     0     0     0     0    38  3360  8720   381   340   342
    313   265   211   159   115    81    56    38    26    21    14     8
      5     3     1     1     0     0     0     0     0     0     0     0
      0     0     0     0     0     0     0     0    38  3570  8812   444
    421   445   426   374   305   235   172   122    85    58    38    28
     20    13     8     4     2     1     1     0     0     0     0     0
      0     0     0     0     0     0     0     0     0     0    38  3780
   8842   442   490   547   552   506   427   336   251   179   124    85
     57    38    31    20    12     7     4     2     1     1     0     0
      0     0     0     0     0     0     0     0     0     0     0     0
     38  3990  8814   413   559   657   695   662   574   461   348   251
    175   119    79    52    43    27    17     9     5     3     2     1
      1     0     0     0     0     0     0     0     0     0     0     0
      0     0    38  4200  8766   468   664   807   874   842   732   584
    435   308   212   140    93    61    47    30    17    10     5     3
      2     1     1     0     0     0     0     0     0     0     0     0
      0     0     0     0    37  4620  8669   530   795  1037  1203  1239
   1136   944   723   522   361   241   159   101    78    51    31    17
     10     6     3     2     1     1     0     0     0     0     0     0
      0     0     0     0     0    37  5039  8562  1331   307   410   512
    614   614   819   819   819   922   819   819   819   717   614   614
    512   410   307   350   255   210   174   141   117    94    77    62
     51    41    32    27    21     8    37  5250  8477  1331   410   512
    614   717   819   922  1024  1024  1126  1126  1024  1024   819   819
    614   614   512   307   373   269   219   177   142   115    91    74
     58    46    38    29    24    18     2    36  5460  8386  1331   512
    614   717   922  1024  1229  1331  1434  1434  1331  1331  1229  1024
    922   717   614   512   410   374   270   215   170   133   105    82
     64    51    39    31    24    19    11    36  5669  8284  1434   512
    717   922  1229  1434  1536  1843  1843  1843  1741  1638  1434  1229
   1024   819   717   512   406   329   256   198   151   118    90    69
     52    41    31    23    18    13     4    35  5880  8114  1536   614
    922  1126  1536  1946  2253  2355  2560  2458  2253  2048  1741  1434
   1229   819   819   512   417   322   244   184   138   103    78    58
     44    32    24    18    13     7    34  6089  7856  1536   819  1229
   1638  2150  2662  3072  3379  3379  3072  2765  2355  1843  1536  1126
    819   717   443   351   257   189   136   100    73    52    39    27
     19    14    10     6    34  6300  7806  1638  1024  1638  2253  3072
   3789  4301  4506  4198  3789  3072  2458  1843  1434   922   819   489
    375   265   188   132    92    65    47    31    22    16    11     7
      6     2    34  6719  7856  2253  2355  4198  6246  7680  7680  6451
   4915  3482  2355  1434  1024   600   388   243   151    93    59    37
     23    14     8     6     3     2     1     1     0     0     1     0
     34  7139  7909  2355  2867  5222  8090  9830  9523  7885  5734  3994
   2560  1536  1024   664   386   236   144    88    54    33    20    12
      7     4     3     2     1     1     0     0     0     0    35  7350
   7942  2458  2970  5734  8909 10957 10547  8602  6349  4198  2765  1741
   1126   626   403   245   148    90    55    33    20    12     7     4
      3     2     1     1     0     0     0     0     0    35  7560  7964
   2458  3174  6246  9830 12186 11674  9421  6861  4608  2970  1741  1126
    736   417   251   152    91    55    33    20    12     7     4     3
      1     1     1     0     0     0     0     0    35  7980  8000  2560
   3379  7066 11366 14438 14234 11469  8294  5530  3482  2253  1331   782
    486   292   174   105    62    37    22    14     8     4     3     2
      1     1     0     0     0     0     0    35  8400  8045  2560  3789
   7782 13210 17101 16896 13824  9933  6554  4198  2560  1536   922   568
    332   197   117    70    41    24    15     8     5     3     2     1
      1     0     0     0     0     0    35  8820  8069  2560  3891  8090
  14438 19354 19968 16691 12288  8090  5222  3174  1946  1229   688   418
    249   147    88    52    30    19    10     7     4     2     1     1
      1     0     0     0     0    35  9239  8092  2662  3789  8499 15462
  21709 23347 19968 14848 10035  6451  3994  2355  1536   819   528   310
    184   109    65    38    23    13     8     5     3     1     1     1
      0     0     0     0    35  9450  8098  2662  3891  8602 15974 22938
  24986 21811 16282 11059  7168  4403  2662  1638  1024   535   345   205
    121    72    43    25    15     9     5     3     2     1     1     0
      0     0     0    35  9660  8109  2662  3891  8704 16486 24166 26829
  23654 17818 12186  7885  4915  2970  1741  1126   622   382   227   135
     80    47    28    17    10     5     4     2     1     1     0     0
      0     0    35 10079  8109  2662  3891  9011 17408 26522 30515 27750
  21197 14746  9523  5939  3584  2253  1229   834   467   277   165    97
     58    34    21    12     7     4     3     1     1     0     0     0
      1    35 10500  8098  2662  3994  9216 18227 28877 34509 32051 25088
  17510 11469  7168  4403  2662  1536  1024   537   336   199   118    70
     42    25    14     9     5     3     2     1     0     0     1     0
     35 11550  8039  2662  4096  9626 20275 34611 44954 44954 36762 26419
  17510 11162  6861  4096  2560  1434   922   510   313   186   110    66
     39    22    14     8     5     3     1     1     1     0     0    35
  12600  7964  2662  4096 10035 21811 39936 56115 59904 51507 38093 25805
  16486 10240  6246  3687  2253  1331   822   472   280   166    99    58
     35    20    13     7     4     3     1     0     1     0    34 13860
   7846  2662  4198 10240 23347 45670 69837 80998 73728 56730 39322 25498
  15974  9728  5939  3482  2151  1229   728   442   262   155    92    55
     32    19    11     7     4     2     1     1    34 14700  7761  2662
   4198 10445 24166 48845 78746 95846 90829 71783 50483 33075 20787 12698
   7783  4608  2765  1639  1024   550   344   204   121    72    42    25
     15     9     5     3     2     0    33 15750  7671  2662  4198 10547
  25088 52429 89395115610115098 94003 67482 44749 28365 17408 10650  6349
   3789  2253  1434   748   474   281   167    98    59    35    20    12
      7     4     3    33 16800  7557  2662  4198 10650 25702 55706 99430
 136192142438120320 88269 59290 37786 23450 14234  8602  5120  3072  1741
   1126   636   379   225   133    79    47    27    16    10     6     2
     32 18900  7301  2765  4915 12902 32870 75674142131200295210227175719
 126567 83558 52429 31847 19047 11264  6656  3891  2253  1331   794   455
    266   156    91    53    30    18    11     3    31 21000  6996  3789
  10035 34918106701239616342323323686235725148992 87655 49562 27546 15053
   8294  4404  2458  1331   725   389   211   114    62    33    18    10
      5     3     1    29 23100  6585 11162 95334448410664474473600256819
 126362 59801 27853 12902  5940  2764  1229   572   265   122    56    25
     12     5     3     1     0     0     0     0     3 25200     0     3
  32767     0  1391   640     3     0     0     3  2310     0    26  2520
   5801    37    19    19    18    18    17    16    15    13    12    11
     10     9     8     7     6     6     5     4     4     4     3     3
     32  2625  7285    72    33    33    32    30    28    26    24    22
     20    17    16    14    12    11     9     8     7     6     5     5
      4     4     3     2     3     2     2     2    34  2730  7818   171
     54    48    45    42    38    34    30    27    23    20    18    15
     13    11    10     8     7     6     5     4     4     2     3     2
      1     2     2     1     1     0    35  2835  8028   278    84    71
     65    58    51    44    37    32    27    22    19    15    12    11
      9     7     6     4     4     2     3     3     2     1     1     0
      0     0     0     0     0    36  2940  8206   387   121   104    92
     80    67    56    45    37    29    23    19    14    11     9     7
      6     4     4     2     1     1     0     0     0     0     0     0
      0     0     0     0     0    36  3045  8332   398   179   165   144
    120    96    75    57    43    32    23    17    12    11     7     5
      3     2     1     1     0     0     0     0     0     0     0     0
      0     0     0     0     0    36  3150  8428   344   250   239   211
    174   136   102    74    52    36    24    16    15     9     5     3
      2     1     1     0     0     0     0     0     0     0     0     0
      0     0     0     0     0    37  3360  8572   365   321   327   307
    268   218   169   124    88    63    43    29    21    16    10     6
      3     2     1     1     0     0     0     0     0     0     0     0
      0     0     0     0     0     0    37  3570  8667   421   393   420
    413   374   315   249   188   136    95    66    44    30    24    16
      9     5     3     2     1     1     0     0     0     0     0     0
      0     0     0     0     0     0     0    37  3780  8695   413   450
    507   525   499   438   357   275   202   143    99    67    44    35
     23    15     8     5     3     1     1     0     0     0     0     0
      0     0     0     0     0     0     0     0    37  3990  8656   378
    505   598   649   643   584   491   385   285   205   141    96    64
     46    33    22    12     7     4     2     1     1     0     0     0
      0     0     0     0     0     0     0     0     0    37  4200  8608
    424   591   723   806   814   746   627   489   358   253   171   114
     74    55    37    23    13     7     4     2     1     1     0     0
      0     0     0     0     0     0     0     0     0     0    37  4620
   8507   468   684   886  1055  1145  1125  1005   824   626   452   312
    209   137    90    70    44    26    15     8     5     3     1     1
      0     0     0     0     0     0     0     0     0     0     0    36
   5039  8395  1331   307   410   512   614   614   819   819   819   922
    819   819   819   717   614   614   512   410   307   350   255   210
    174   141   117    94    77    62    51    40    33    27    18    36
   5250  8301  1331   410   512   614   717   819   922  1024  1024  1126
   1126  1024  1024   819   819   614   614   512   307   373   269   219
    177   142   115    91    74    58    46    37    30    24     8    36
   5460  8196  1331   512   614   717   922  1024  1229  1331  1434  1434
   1331  1331  1229  1024   922   717   614   512   410   374   270   215
    170   133   105    82    64    51    39    31    24    19     0    35
   5669  8064  1434   512   717   922  1229  1434  1536  1843  1843  1843
   1741  1638  1434  1229  1024   819   717   512   406   329   256   198
    151   118    90    69    52    41    30    24    18     7    34  5880
   7816  1536   614   922  1126  1536  1946  2253  2355  2560  2458  2253
   2048  1741  1434  1229   819   819   512   417   322   244   184   138
    103    78    58    44    32    24    18     8    33  6089  7497  1536
    819  1229  1638  2150  2662  3072  3379  3379  3072  2765  2355  1843
   1536  1126   819   717   443   351   257   189   136   100    73    52
     39    26    20    14     4    33  6300  7518  1638  1024  1638  2253
   3072  3789  4301  4506  4198  3789  3072  2458  1843  1434   922   819
    489   375   265   188   132    92    65    47    31    22    16    11
      7     2    33  6719  7601  2253  2355  4198  6246  7680  7680  6451
   4915  3482  2355  1434  1024   600   388   243   151    93    59    37
     23    14     8     6     3     2     1     1     0     0     0    33
   7139  7678  2355  2867  5222  8090  9830  9523  7885  5734  3994  2560
   1536  1024   664   386   236   144    88    54    33    20    12     7
      4     3     2     1     0     0     1     0    34  7350  7712  2458
   2970  5734  8909 10957 10547  8602  6349  4198  2765  1741  1126   626
    403   245   148    90    55    33    20    12     7     4     3     2
      1     1     0     0     0     0    34  7560  7749  2458  3174  6246
   9830 12186 11674  9421  6861  4608  2970  1741  1126   736   417   251
    152    91    55    33    20    12     7     4     3     1     1     1
      0     0     0     0    34  7980  7784  2560  3379  7066 11366 14438
  14234 11469  8294  5530  3482  2253  1331   782   486   292   174   105
     62    37    22    14     8     4     3     2     1     1     0     0
      0     0    34  8400  7826  2560  3789  7782 13210 17101 16896 13824
   9933  6554  4198  2560  1536   922   568   332   197   117    70    41
     24    15     8     5     3     2     1     1     0     0     0     0
     34  8820  7865  2560  3891  8090 14438 19354 19968 16691 12288  8090
   5222  3174  1946  1229   688   418   249   147    88    52    30    19
     10     7     4     2     1     1     0     0     0     1    34  9239
   7892  2662  3789  8499 15462 21709 23347 19968 14848 10035  6451  3994
   2355  1536   819   528   310   184   109    65    38    23    13     8
      5     3     1     1     1     0     0     0    34  9450  7901  2662
   3891  8602 15974 22938 24986 21811 16282 11059  7168  4403  2662  1638
   1024   535   345   205   121    72    43    25    15     9     5     3
      2     1     0     1     0     0    34  9660  7909  2662  3891  8704
  16486 24166 26829 23654 17818 12186  7885  4915  2970  1741  1126   622
    382   227   135    80    47    28    17    10     5     4     2     1
      0     1     0     0    34 10079  7917  2662  3891  9011 17408 26522
  30515 27750 21197 14746  9523  5939  3584  2253  1229   834   467   277
    165    97    58    34    21    12     7     4     3     1     0     1
      0     0    34 10500  7917  2662  3994  9216 18227 28877 34509 32051
  25088 17510 11469  7168  4403  2662  1536  1024   537   336   199   118
     70    42    25    14     9     5     3     2     0     1     0     1
     34 11550  7865  2662  4096  9626 20275 34611 44954 44954 36762 26419
  17510 11162  6861  4096  2560  1434   922   510   313   186   110    66
     39    22    14     8     5     3     1     1     1     0    34 12600
   7816  2662  4096 10035 21811 39936 56115 59904 51507 38093 25805 16486
  10240  6246  3687  2253  1331   822   472   280   166    99    58    35
     20    13     7     4     2     2     0     1    33 13860  7678  2662
   4198 10240 23347 45670 69837 80998 73728 56730 39322 25498 15974  9728
   5939  3482  2151  1229   728   442   262   155    92    55    32    19
     11     7     4     2     1    33 14700  7557  2662  4198 10445 24166
  48845 78746 95846 90829 71783 50483 33075 20787 12698  7783  4608  2765
   1639  1024   550   344   204   121    72    42    25    15     8     6
      3     1    32 15750  7371  2662  4198 10547 25088 52429 89395115610
 115098 94003 67482 44749 28365 17408 10650  6349  3789  2253  1434   748
    474   281   167    98    59    35    20    12     7     4    31 16800
   7145  2662  4198 10650 25702 55706 99430136192142438120320 88269 59290
  37786 23450 14234  8602  5120  3072  1741  1126   636   379   225   133
     79    46    28    16     9    29 18900  6523  2765  4915 12902 32870
  75674142131200295210227175719126567 83558 52429 31847 19047 11264  6656
   3891  2253  1331   794   455   266   155    91    53    17    25 21000
   5577  3789 10035 34918106701239616342323323686235725148992 87655 49562
  27546 15053  8294  4404  2458  1331   725   389   210   114    52    20
  23100  4177 11162 95334448410664474473600256819126362 59801 27853 12902
   5940  2764  1229   572   265   121    23     3 25200     0     3 32767
      0  1307  1600     3     0     0     3  2310     0    25  2520  5498
     37    18    19    18    18    17    16    14    13    12    11    10
      9     8     7     7     6     5     5     4     4     3    31  2625
   6948    72    32    32    31    30    28    26    24    22    20    18
     16    14    12    11    10     9     7     7     6     5     4     4
      3     3     3     2     2    33  2730  7377   170    53    47    44
     41    37    34    30    27    24    21    18    16    14    12    10
      9     7     6     5     5     4     3     3     2     1     1     3
      1     1    34  2835  7584   276    82    68    63    57    50    44
     38    33    28    23    19    16    13    11     9     8     6     4
      5     3     2     3     2     1     1     0     0     0     0     0
     34  2940  7737   382   117   100    90    79    68    57    47    39
     31    25    20    16    12    10     7     7     4     5     3     2
      1     1     0     0     0     0     0     0     0     0    35  3045
   7856   387   165   156   140   121   100    80    63    48    36    27
     20    14    11     8     6     4     2     1     1     0     0     0
      0     0     0     0     0     0     0     0     0    35  3150  7959
    317   220   218   203   178   147   116    88    64    45    31    22
     16    12     8     4     2     1     1     0     0     0     0     0
      0     0     0     0     0     0     0     0    35  3360  8092   324
    270   285   283   264   232   192   151   113    83    58    41    27
     21    15     9     5     3     2     1     1     0     0     0     0
      0     0     0     0     0     0     0    35  3570  8189   368   321
    351   364   356   326   282   230   177   132    94    66    45    30
     25    16    10     5     3     2     1     1     0     0     0     0
      0     0     0     0     0     0    36  3780  8218   347   355   405
    438   449   434   394   335   270   205   150   106    73    49    36
     26    17    10     5     3     2     1     1     0     0     0     0
      0     0     0     0     0     0    35  3990  8156   300   384   456
    514   549   554   523   463   384   301   224   160   111    75    49
     41    26    16     9     5     3     2     1     0     0     0     0
      0     0     0     0     0    35  4200  8066   328   437   531   616
    673   694   667   598   498   389   288   204   138    93    61    49
     31    18    10     6     3     2     1     1     0     0     0     0
      0     0     0     0    34  4620  7864   348   470   591   717   829
    913   951   927   844   713   564   421   298   205   135    89    70
     45    26    15     8     5     3     1     1     0     0     0     0
      0     0    34  5039  7685  1331   307   410   512   614   614   819
    819   819   922   819   819   819   717   614   614   512   410   307
    350   255   210   174   141   117    94    77    62    50    41     1
     33  5250  7547  1331   410   512   614   717   819   922  1024  1024
   1126  1126  1024  1024   819   819   614   614   512   307   373   269
    219   177   142   115    91    73    58    47    18    32  5460  7390
   1331   512   614   717   922  1024  1229  1331  1434  1434  1331  1331
   1229  1024   922   717   614   512   410   374   270   215   170   133
    105    82    64    50    35    32  5669  7210  1434   512   717   922
   1229  1434  1536  1843  1843  1843  1741  1638  1434  1229  1024   819
    717   512   406   329   256   198   151   118    90    68    53    40
      6    31  5880  7040  1536   614   922  1126  1536  1946  2253  2355
   2560  2458  2253  2048  1741  1434  1229   819   819   512   417   322
    244   184   138   103    78    58    43    17    31  6089  6996  1536
    819  1229  1638  2150  2662  3072  3379  3379  3072  2765  2355  1843
   1536  1126   819   717   443   351   257   189   136   100    73    52
     38    27     7    31  6300  7034  1638  1024  1638  2253  3072  3789
   4301  4506  4198  3789  3072  2458  1843  1434   922   819   489   375
    265   188   132    92    65    47    31    22    16     5    31  6719
   7140  2253  2355  4198  6246  7680  7680  6451  4915  3482  2355  1434
   1024   600   388   243   151    93    59    37    23    14     8     6
      3     1     2     1     0    32  7139  7237  2355  2867  5222  8090
   9830  9523  7885  5734  3994  2560  1536  1024   664   386   236   144
     88    54    33    20    12     7     4     3     2     0     1     0
      0    32  7350  7267  2458  2970  5734  8909 10957 10547  8602  6349
   4198  2765  1741  1126   626   403   245   148    90    55    33    20
     12     7     4     3     2     0     1     0     0    32  7560  7333
   2458  3174  6246  9830 12186 11674  9421  6861  4608  2970  1741  1126
    736   417   251   152    91    55    33    20    12     7     4     3
      1     1     0     1     0    32  7980  7403  2560  3379  7066 11366
  14438 14234 11469  8294  5530  3482  2253  1331   782   486   292   174
    105    62    37    22    14     8     4     3     2     0     1     0
      1    33  8400  7487  2560  3789  7782 13210 17101 16896 13824  9933
   6554  4198  2560  1536   922   568   332   197   117    70    41    24
     15     8     5     3     2     1     0     1     0     0    33  8820
   7538  2560  3891  8090 14438 19354 19968 16691 12288  8090  5222  3174
   1946  1229   688   418   249   147    88    52    30    19    10     7
      4     2     1     1     0     0     0    33  9239  7566  2662  3789
   8499 15462 21709 23347 19968 14848 10035  6451  3994  2355  1536   819
    528   310   184   109    65    38    23    13     8     5     3     1
      1     1     0     0    33  9450  7575  2662  3891  8602 15974 22938
  24986 21811 16282 11059  7168  4403  2662  1638  1024   535   345   205
    121    72    43    25    15     9     5     3     2     1     0     1
      0    33  9660  7601  2662  3891  8704 16486 24166 26829 23654 17818
  12186  7885  4915  2970  1741  1126   622   382   227   135    80    47
     28    17    10     5     4     2     1     0     1     0    33 10079
   7601  2662  3891  9011 17408 26522 30515 27750 21197 14746  9523  5939
   3584  2253  1229   834   467   277   165    97    58    34    21    12
      7     4     3     1     0     1     0    33 10500  7575  2662  3994
   9216 18227 28877 34509 32051 25088 17510 11469  7168  4403  2662  1536
   1024   537   336   199   118    70    42    25    14     9     5     3
      1     1     1     0    33 11550  7508  2662  4096  9626 20275 34611
  44954 44954 36762 26419 17510 11162  6861  4096  2560  1434   922   510
    313   186   110    66    39    22    14     8     5     2     2     1
      0    32 12600  7398  2662  4096 10035 21811 39936 56115 59904 51507
  38093 25805 16486 10240  6246  3687  2253  1331   822   472   280   166
     99    58    35    20    13     6     5     2     1    32 13860  7210
   2662  4198 10240 23347 45670 69837 80998 73728 56730 39322 25498 15974
   9728  5939  3482  2151  1229   728   442   262   155    92    55    32
     19    11     7     4     0    31 14700  7051  2662  4198 10445 24166
  48845 78746 95846 90829 71783 50483 33075 20787 12698  7783  4608  2765
   1639  1024   550   344   204   121    72    42    25    15     8     4
     30 15750  6812  2662  4198 10547 25088 52429 89395115610115098 94003
  67482 44749 28365 17408 10650  6349  3789  2253  1434   748   474   281
    167    98    58    35    21     8    29 16800  6484  2662  4198 10650
  25702 55706 99430136192142438120320 88269 59290 37786 23450 14234  8602
   5120  3072  1741  1126   636   379   225   133    78    47    11    25
  18900  5608  2765  4915 12902 32870 75674142131200295210227175719126567
  83558 52429 31847 19047 11264  6656  3891  2253  1331   793   456   247
     20 21000  4229  3789 10035 34918106701239616342323323686235725148992
  87655 49562 27546 15053  8192  4506  2458   717    10 23100  1617 11162
  95334448410664474473498256820 50790     3 25200     0     3 32767     0
   1200  3200     3     0     0     3  2310     0    24  2520  4305    37
     18    19    18    17    17    16    14    13    12    11    10     9
      8     7     7     6     5     5     4     4    30  2625  5677    71
     32    32    31    30    28    26    24    22    20    18    16    14
     13    11    10     9     7     7     6     5     4     4     3     3
      3     2    32  2730  6186   169    53    47    44    41    37    34
     31    27    24    21    18    16    14    12    10     9     7     6
      5     5     4     3     3     3     1     1     3     2    32  2835
   6494   275    82    68    63    57    50    44    38    33    28    23
     20    16    14    11     9     8     6     5     5     3     2     4
      2     1     1     0     0     0    32  2940  6686   381   116    98
     89    79    68    57    48    39    31    25    20    16    13    10
      7     7     4     5     3     2     1     1     0     0     0     0
      0     0    32  3045  6802   385   161   153   139   121   101    82
     64    49    37    28    21    15    11     9     6     4     2     1
      1     0     0     0     0     0     0     0     0     0    32  3150
   6902   311   212   212   200   178   149   119    91    67    48    34
     23    16    14     8     5     3     2     1     0     0     0     0
      0     0     0     0     0     0    32  3360  7045   315   258   273
    274   260   233   197   158   121    89    64    44    30    22    17
     11     6     3     2     1     1     0     0     0     0     0     0
      0     0    31  3570  7130   356   304   334   349   346   325   287
    239   189   143   103    74    50    34    27    18    12     7     4
      2     1     1     0     0     0     0     0     0    32  3780  7195
    332   334   380   415   431   425   395   346   286   223   167   120
     84    57    38    32    20    12     7     4     2     1     1     0
      0     0     0     0     0    32  3990  7173   283   359   424   480
    519   533   518   472   405   327   250   183   128    89    59    44
     31    20    11     6     4     2     1     1     0     0     0     0
      0    31  4200  7052   308   404   491   569   630   663   656   608
    526   427   325   236   164   111    73    55    37    23    13     7
      4     2     1     1     0     0     0     0    30  4620  6798   324
    429   538   646   751   840   896   905   858   762   631   489   362
    253   172   113    82    57    37    21    12     7     4     2     1
      1     0    30  5039  6749  1331   307   410   512   614   614   819
    819   819   922   819   819   819   717   614   614   512   410   307
    350   255   210   174   141   116    95    30    30  5250  6681  1331
    410   512   614   717   819   922  1024  1024  1126  1126  1024  1024
    819   819   614   614   512   307   373   269   219   177   141   115
     92     8    29  5459  6625  1331   512   614   717   922  1024  1229
   1331  1434  1434  1331  1331  1229  1024   922   717   614   512   410
    374   270   215   169   134   104    74    29  5669  6574  1434   512
    717   922  1229  1434  1536  1843  1843  1843  1741  1638  1434  1229
   1024   819   717   512   406   329   256   198   151   117    90    49
     29  5879  6551  1536   614   922  1126  1536  1946  2253  2355  2560
   2458  2253  2048  1741  1434  1229   819   819   512   417   322   244
    184   138   103    78    36    29  6089  6577  1536   819  1229  1638
   2150  2662  3072  3379  3379  3072  2765  2355  1843  1536  1126   819
    717   443   351   257   189   136   100    72    53    27    29  6300
   6632  1638  1024  1638  2253  3072  3789  4301  4506  4198  3789  3072
   2458  1843  1434   922   819   489   375   265   188   132    92    65
     46    33    20    30  6719  6771  2253  2355  4198  6246  7680  7680
   6451  4915  3482  2355  1434  1024   600   388   243   151    93    59
     37    23    14     8     6     2     2     2     0    30  7139  6877
   2355  2867  5222  8090  9830  9523  7885  5734  3994  2560  1536  1024
    664   386   236   144    88    54    33    20    12     7     4     3
      1     1     1    31  7350  6933  2458  2970  5734  8909 10957 10547
   8602  6349  4198  2765  1741  1126   626   403   245   148    90    55
     33    20    12     7     4     3     1     1     1     0    31  7559
   6976  2458  3174  6246  9830 12186 11674  9421  6861  4608  2970  1741
   1126   736   417   251   152    91    55    33    20    12     7     4
      3     1     1     0     1    31  7979  7051  2560  3379  7066 11366
  14438 14234 11469  8294  5530  3482  2253  1331   782   486   292   174
    105    62    37    22    14     8     4     3     1     1     1     0
     31  8400  7126  2560  3789  7782 13210 17101 16896 13824  9933  6554
   4198  2560  1536   922   568   332   197   117    70    41    24    15
      8     5     3     2     1     0     1    32  8819  7172  2560  3891
   8090 14438 19354 19968 16691 12288  8090  5222  3174  1946  1229   688
    418   249   147    88    52    30    19    10     7     3     3     1
      0     1     0    32  9239  7210  2662  3789  8499 15462 21709 23347
  19968 14848 10035  6451  3994  2355  1536   819   528   310   184   109
     65    38    23    13     8     5     3     1     1     1     0    32
   9450  7214  2662  3891  8602 15974 22938 24986 21811 16282 11059  7168
   4403  2662  1638  1024   535   345   205   121    72    43    25    15
      9     5     3     1     2     0     0    32  9659  7218  2662  3891
   8704 16486 24166 26829 23654 17818 12186  7885  4915  2970  1741  1126
    622   382   227   135    80    47    28    17     9     6     4     1
      1     1     0    32 10079  7206  2662  3891  9011 17408 26522 30515
  27750 21197 14746  9523  5939  3584  2253  1229   834   467   277   165
     97    58    34    21    12     7     4     2     2     0     1    32
  10500  7189  2662  3994  9216 18227 28877 34509 32051 25088 17510 11469
   7168  4403  2662  1536  1024   537   336   199   118    70    42    25
     14     9     5     3     1     1     1    31 11550  7057  2662  4096
   9626 20275 34611 44954 44954 36762 26419 17510 11162  6861  4096  2560
   1434   922   510   313   186   110    66    39    22    14     8     4
      3     1    30 12600  6885  2662  4096 10035 21811 39936 56115 59904
  51507 38093 25805 16486 10240  6246  3687  2253  1331   822   472   280
    166    99    58    35    20    12     7     4    29 13859  6617  2662
   4198 10240 23347 45670 69837 80998 73728 56730 39322 25498 15974  9728
   5939  3482  2151  1229   728   441   262   155    92    54    33    19
     10    29 14700  6417  2662  4198 10445 24166 48845 78746 95846 90829
  71783 50483 33075 20787 12698  7783  4608  2765  1639  1024   550   344
    204   121    71    42    26     1    27 15750  6071  2662  4198 10547
  25088 52429 89395115610115098 94003 67482 44749 28365 17408 10650  6349
   3789  2253  1434   748   474   281   166    99    45    25 16800  5630
   2662  4198 10650 25702 55706 99430136192142438120320 88269 59290 37786
  23450 14234  8602  5120  3072  1741  1024   738   379   223    20 18900
   4290  2765  4915 12902 32870 75674142131200295210227175719126567 83558
  52429 31847 18944 11264  6656  3175    12 21000  2136  3789 10035 34918
 106701239616342221323789235725 60109     3 23100     0     3 32767     0
   1133  4800     3     0     0     3  2310     0    23  2520  3623    37
     18    19    18    17    17    16    14    13    12    11    10     9
      8     7     7     6     5     5     4    29  2625  4922    71    32
     32    31    30    28    26    24    22    20    18    16    14    13
     11    10     9     7     7     6     5     4     4     3     3     3
     31  2730  5527   169    53    47    44    41    37    34    31    27
     24    21    18    16    14    12    10     9     7     6     5     5
      4     3     3     3     1     1     3    31  2835  5946   275    82
     68    63    57    50    44    38    33    28    23    20    16    14
     11     9     8     6     5     5     3     2     4     2     1     1
      0     0    31  2940  6243   381   116    98    89    79    68    57
     48    39    31    25    20    16    13    10     7     7     4     5
      3     2     1     1     0     0     0     0     0    31  3045  6375
    385   161   153   139   121   101    82    64    49    37    28    21
     15    11     9     6     4     2     1     1     0     0     0     0
      0     0     0     0    31  3150  6418   311   212   212   200   178
    149   119    91    67    48    34    23    16    14     8     5     3
      2     1     0     0     0     0     0     0     0     0     0    30
   3360  6380   315   258   273   274   260   233   197   158   121    89
     64    44    30    22    17    11     6     3     2     1     1     0
      0     0     0     0     0    30  3570  6294   356   304   334   349
    346   325   287   239   189   143   103    74    50    34    27    18
     12     7     4     2     1     1     0     0     0     0     0    29
   3780  6186   332   334   380   415   431   425   395   346   286   223
    167   120    84    57    38    32    20    12     7     4     2     1
      1     0     0     0    28  3990  6045   283   359   424   480   519
    533   518   472   405   327   250   183   128    89    59    44    31
     20    11     6     4     2     1     1     0    28  4200  5870   308
    404   491   569   630   663   656   608   526   427   325   236   164
    111    73    55    37    23    13     7     4     2     1     1     0
     27  4620  5553   324   429   538   646   751   840   896   905   858
    762   631   489   362   253   172   113    82    57    37    21    12
      7     4     2    26  5039  5713  1331   307   410   512   614   614
    819   819   819   922   819   819   819   717   614   614   512   410
    307   350   254   211    58    26  5250  5835  1331   410   512   614
    717   819   922  1024  1024  1126  1126  1024  1024   819   819   614
    614   512   307   372   269   219   144    27  5459  5952  1331   512
    614   717   922  1024  1229  1331  1434  1434  1331  1331  1229  1024
    922   717   614   512   410   374   270   214   170    37    27  5669
   6071  1434   512   717   922  1229  1434  1536  1843  1843  1843  1741
   1638  1434  1229  1024   819   717   512   406   329   255   198   152
     87    28  5879  6186  1536   614   922  1126  1536  1946  2253  2355
   2560  2458  2253  2048  1741  1434  1229   819   819   512   417   322
    244   184   138   103    14    28  6089  6277  1536   819  1229  1638
   2150  2662  3072  3379  3379  3072  2765  2355  1843  1536  1126   819
    717   443   351   257   189   136   100    72    29    28  6300  6366
   1638  1024  1638  2253  3072  3789  4301  4506  4198  3789  3072  2458
   1843  1434   922   819   489   375   265   188   132    92    65    46
     28    29  6719  6533  2253  2355  4198  6246  7680  7680  6451  4915
   3482  2355  1434  1024   600   388   243   151    93    59    37    23
     14     8     5     3     2     1    29  7139  6632  2355  2867  5222
   8090  9830  9523  7885  5734  3994  2560  1536  1024   664   386   236
    144    88    54    33    20    12     7     4     3     1     1    30
   7350  6688  2458  2970  5734  8909 10957 10547  8602  6349  4198  2765
   1741  1126   626   403   245   148    90    55    33    20    12     7
      4     3     1     1     0    30  7559  6725  2458  3174  6246  9830
  12186 11674  9421  6861  4608  2970  1741  1126   736   417   251   152
     91    55    33    20    12     7     4     2     2     1     0    30
   7979  6792  2560  3379  7066 11366 14438 14234 11469  8294  5530  3482
   2253  1331   782   486   292   174   105    62    37    22    14     8
      4     3     1     1     1    30  8400  6859  2560  3789  7782 13210
  17101 16896 13824  9933  6554  4198  2560  1536   922   568   332   197
    117    70    41    24    15     8     5     3     2     1     0    31
   8819  6918  2560  3891  8090 14438 19354 19968 16691 12288  8090  5222
   3174  1946  1229   688   418   249   147    88    52    30    19    10
      7     3     2     2     0     0    31  9239  6940  2662  3789  8499
  15462 21709 23347 19968 14848 10035  6451  3994  2355  1536   819   528
    310   184   109    65    38    23    13     8     5     2     2     1
      0    31  9450  6955  2662  3891  8602 15974 22938 24986 21811 16282
  11059  7168  4403  2662  1638  1024   535   345   205   121    72    43
     25    15     9     5     3     1     2     0    31  9659  6940  2662
   3891  8704 16486 24166 26829 23654 17818 12186  7885  4915  2970  1741
   1126   622   382   227   135    80    47    28    17     9     6     3
      2     1     1    30 10079  6910  2662  3891  9011 17408 26522 30515
  27750 21197 14746  9523  5939  3584  2253  1229   834   467   277   165
     97    58    34    21    12     6     5     2     2    30 10500  6841
   2662  3994  9216 18227 28877 34509 32051 25088 17510 11469  7168  4403
   2662  1536  1024   537   336   199   118    70    42    25    14     8
      6     3     1    30 11550  6668  2662  4096  9626 20275 34611 44954
  44954 36762 26419 17510 11162  6861  4096  2560  1434   922   510   313
    186   110    66    39    22    14     8     4     1    29 12600  6452
   2662  4096 10035 21811 39936 56115 59904 51507 38093 25805 16486 10240
   6246  3687  2253  1331   822   472   280   166    99    58    34    21
     12     2    28 13859  6206  2662  4198 10240 23347 45670 69837 80998
  73728 56730 39322 25498 15974  9728  5939  3482  2151  1229   728   441
    262   155    92    54    33     5    27 14700  5894  2662  4198 10445
  24166 48845 78746 95846 90829 71783 50483 33075 20787 12698  7783  4608
   2765  1639  1024   550   344   203   121    72     1    25 15750  5509
   2662  4198 10547 25088 52429 89395115610115098 94003 67482 44749 28365
  17408 10650  6349  3789  2253  1434   748   474   281    97    23 16800
   5020  2662  4198 10650 25702 55706 99430136192142438120320 88269 59290
  37786 23450 14234  8602  5120  2970  1843  1024   529    17 18900  3560
   2765  4915 12902 32870 75674142131200295210227175719126567 83558 52327
  31847 17715     9 21000  1332  3789 10035 34816106701239718 65126     3
  23100     0     3 32767     0  1084  6400     3     0     0     3  2310
      0    23  2520  3149    37    18    19    18    17    17    16    14
     13    12    11    10     9     8     7     7     6     5     5     4
     28  2625  4466    71    32    32    31    30    28    26    24    22
     20    18    16    14    13    11    10     9     7     7     6     5
      4     4     3     3    30  2730  5120   169    53    47    44    41
     37    34    31    27    24    21    18    16    14    12    10     9
      7     6     5     5     4     3     3     3     1     1    31  2835
   5586   275    82    68    63    57    50    44    38    33    28    23
     20    16    14    11     9     8     6     5     5     3     2     4
      2     1     1     0     0    31  2940  5917   381   116    98    89
     79    68    57    48    39    31    25    20    16    13    10     7
      7     4     5     3     2     1     1     0     0     0     0     0
     31  3045  6066   385   161   153   139   121   101    82    64    49
     37    28    21    15    11     9     6     4     2     1     1     0
      0     0     0     0     0     0     0    31  3150  6077   311   212
    212   200   178   149   119    91    67    48    34    23    16    14
      8     5     3     2     1     0     0     0     0     0     0     0
      0     0    30  3360  5985   315   258   273   274   260   233   197
    158   121    89    64    44    30    22    17    11     6     3     2
      1     1     0     0     0     0     0     0    29  3570  5803   356
    304   334   349   346   325   287   239   189   143   103    74    50
     34    27    18    12     7     4     2     1     1     0     0     0
      0    28  3780  5558   332   334   380   415   431   425   395   346
    286   223   167   120    84    57    38    32    20    12     7     4
      2     1     1     0     0    26  3990  5253   283   359   424   480
    519   533   518   472   405   327   250   183   128    89    59    44
     31    20    11     6     4     2     1    26  4200  5010   308   404
    491   569   630   663   656   608   526   427   325   236   164   111
     73    55    37    23    13     7     4     2     1    24  4620  4713
    324   429   538   646   751   840   896   905   858   762   631   489
    362   253   172   113    82    57    37    21    12    22  5039  4854
   1331   307   410   512   614   614   819   819   819   922   819   819
    819   717   614   512   512   410   410    23  5250  5119  1331   410
    512   614   717   819   922  1024  1024  1126  1126  1024  1024   819
    819   614   512   512   410   372    25  5459  5405  1331   512   614
    717   922  1024  1229  1331  1434  1434  1331  1331  1229  1024   922
    717   614   512   410   374   270    27    26  5669  5644  1434   512
    717   922  1229  1434  1536  1843  1843  1843  1741  1638  1434  1229
   1024   819   717   512   406   329   255   198     8    27  5879  5894
   1536   614   922  1126  1536  1946  2253  2355  2560  2458  2253  2048
   1741  1434  1229   819   819   512   417   322   244   184   138     2
     27  6089  6071  1536   819  1229  1638  2150  2662  3072  3379  3379
   3072  2765  2355  1843  1536  1126   819   717   443   351   257   188
    137   100    54    28  6300  6178  1638  1024  1638  2253  3072  3789
   4301  4506  4198  3789  3072  2458  1843  1434   922   819   489   375
    265   188   132    92    65    46     5    28  6719  6324  2253  2355
   4198  6246  7680  7680  6451  4915  3482  2355  1434  1024   600   388
    243   151    93    59    37    23    14     8     5     3     2    29
   7139  6440  2355  2867  5222  8090  9830  9523  7885  5734  3994  2560
   1536  1024   664   386   236   144    88    54    33    20    12     7
      4     3     1     1    29  7350  6484  2458  2970  5734  8909 10957
  10547  8602  6349  4198  2765  1741  1126   626   403   245   148    90
     55    33    20    12     7     4     3     1     1    29  7559  6533
   2458  3174  6246  9830 12186 11674  9421  6861  4608  2970  1741  1126
    736   417   251   152    91    55    33    20    12     7     4     2
      2     1    29  7979  6609  2560  3379  7066 11366 14438 14234 11469
   8294  5530  3482  2253  1331   782   486   292   174   105    62    37
     22    14     8     4     3     1     1    30  8400  6661  2560  3789
   7782 13210 17101 16896 13824  9933  6554  4198  2560  1536   922   568
    332   197   117    70    41    24    15     8     5     3     2     1
      0    30  8819  6725  2560  3891  8090 14438 19354 19968 16691 12288
   8090  5222  3174  1946  1229   688   418   249   147    88    52    30
     19    10     7     3     2     2     0    30  9239  6743  2662  3789
   8499 15462 21709 23347 19968 14848 10035  6451  3994  2355  1536   819
    528   310   184   109    65    38    23    13     8     5     2     2
      0    30  9450  6737  2662  3891  8602 15974 22938 24986 21811 16282
  11059  7168  4403  2662  1638  1024   535   345   205   121    72    43
     25    15     9     4     4     1     1    30  9659  6731  2662  3891
   8704 16486 24166 26829 23654 17818 12186  7885  4915  2970  1741  1126
    622   382   227   135    80    47    28    17     9     6     3     2
      1    30 10079  6681  2662  3891  9011 17408 26522 30515 27750 21197
  14746  9523  5939  3584  2253  1229   834   467   277   165    97    58
     34    21    12     6     5     2     0    29 10500  6601  2662  3994
   9216 18227 28877 34509 32051 25088 17510 11469  7168  4403  2662  1536
   1024   537   336   199   118    70    42    25    14     8     6     2
     28 11550  6392  2662  4096  9626 20275 34611 44954 44954 36762 26419
  17510 11162  6861  4096  2560  1434   922   510   313   186   110    66
     38    23    14     7    27 12600  6143  2662  4096 10035 21811 39936
  56115 59904 51507 38093 25805 16486 10240  6246  3687  2253  1331   822
    472   280   166    98    59    34    21    26 13859  5817  2662  4198
  10240 23347 45670 69837 80998 73728 56730 39322 25498 15974  9728  5939
   3482  2151  1229   728   441   262   155    92    42    25 14700  5544
   2662  4198 10445 24166 48845 78746 95846 90829 71783 50483 33075 20787
  12698  7783  4608  2765  1639  1024   549   344   204    87    23 15750
   5119  2662  4198 10547 25088 52429 89395115610115098 94003 67482 44749
  28365 17408 10650  6349  3789  2253  1331   850   474    21 16800  4569
   2662  4198 10650 25702 55706 99430136192142438120320 88269 59290 37786
  23450 14234  8499  5120  3072  1639    15 18900  2944  2765  4915 12902
  32870 75674142131200295210227175616126669 83558 29287     6 21000   715
   3686 10035 24064     3 23100     0     3 32767     0  1008  9600     3
      0     0     3  2310     0    22  2520  2572    37    18    19    18
     17    17    16    14    13    12    11    10     9     8     7     7
      6     5     5    27  2625  3869    71    32    32    31    30    28
     26    24    22    20    18    16    14    13    11    10     9     7
      7     6     5     4     4     3    30  2730  4606   169    53    47
     44    41    37    34    31    27    24    21    18    16    14    12
     10     9     7     6     5     5     4     3     3     3     1     1
     30  2835  5099   275    82    68    63    57    50    44    38    33
     28    23    20    16    14    11     9     8     6     5     5     3
      2     4     2     1     1     0    30  2940  5470   381   116    98
     89    79    68    57    48    39    31    25    20    16    13    10
      7     7     4     5     3     2     1     1     0     0     0     0
     30  3045  5664   385   161   153   139   121   101    82    64    49
     37    28    21    15    11     9     6     4     2     1     1     0
      0     0     0     0     0     0    30  3150  5690   311   212   212
    200   178   149   119    91    67    48    34    23    16    14     8
      5     3     2     1     0     0     0     0     0     0     0     0
     28  3360  5545   315   258   273   274   260   233   197   158   121
     89    64    44    30    22    17    11     6     3     2     1     1
      0     0     0     0    27  3570  5335   356   304   334   349   346
    325   287   239   189   143   103    74    50    34    27    18    12
      7     4     2     1     1     0     0    25  3780  5042   332   334
    380   415   431   425   395   346   286   223   167   120    84    57
     38    32    20    12     7     4     2     1    24  3990  4620   283
    359   424   480   519   533   518   472   405   327   250   183   128
     89    59    44    31    20    11     6     4    23  4200  4229   308
    404   491   569   630   663   656   608   526   427   325   236   164
    111    73    55    37    23    13     7    21  4620  3846   324   429
    538   646   751   840   896   905   858   762   631   489   362   253
    172   113    82    57    20  5039  4096  1331   307   410   512   614
    614   819   819   819   922   819   819   819   614   717   512     0
     22  5250  4712  1331   410   512   614   717   819   922  1024  1024
   1126  1126  1024  1024   819   819   614   512   512   205    23  5459
   5073  1331   512   614   717   922  1024  1229  1331  1434  1434  1331
   1331  1229  1024   922   717   614   512   410   317    24  5669  5306
   1434   512   717   922  1229  1434  1536  1843  1843  1843  1741  1638
   1434  1229  1024   819   717   410   509   329   191    25  5879  5499
   1536   614   922  1126  1536  1946  2253  2355  2560  2458  2253  2048
   1741  1434  1229   819   819   512   417   322   244    95    26  6089
   5707  1536   819  1229  1638  2150  2662  3072  3379  3379  3072  2765
   2355  1843  1536  1126   819   717   443   351   257   188   137    33
     26  6300  5835  1638  1024  1638  2253  3072  3789  4301  4506  4198
   3789  3072  2458  1843  1434   922   819   489   375   265   187   132
     93    54    27  6719  6010  2253  2355  4198  6246  7680  7680  6451
   4915  3482  2355  1434  1024   600   388   243   151    93    59    37
     23    13     9     5     2    27  7139  6121  2355  2867  5222  8090
   9830  9523  7885  5734  3994  2560  1536  1024   664   386   236   144
     88    54    33    20    11     8     4     3    28  7350  6165  2458
   2970  5734  8909 10957 10547  8602  6349  4198  2765  1741  1126   626
    403   245   148    90    55    33    20    12     7     4     3     0
     28  7559  6260  2458  3174  6246  9830 12186 11674  9421  6861  4608
   2970  1741  1126   736   417   251   152    91    55    33    20    12
      7     4     2     1    28  7979  6277  2560  3379  7066 11366 14438
  14234 11469  8294  5530  3482  2253  1331   782   486   292   174   105
     62    37    22    14     7     5     3     1    28  8400  6353  2560
   3789  7782 13210 17101 16896 13824  9933  6554  4198  2560  1536   922
    568   332   197   117    70    41    24    15     8     5     3     1
     28  8819  6353  2560  3891  8090 14438 19354 19968 16691 12288  8090
   5222  3174  1946  1229   688   418   249   147    88    52    30    19
     10     6     4     2    28  9239  6318  2662  3789  8499 15462 21709
  23347 19968 14848 10035  6451  3994  2355  1536   819   528   310   184
    109    65    38    23    13     8     5     2    28  9450  6293  2662
   3891  8602 15974 22938 24986 21811 16282 11059  7168  4403  2662  1638
   1024   535   345   205   121    72    43    25    14     9     5     2
     28  9659  6267  2662  3891  8704 16486 24166 26829 23654 17818 12186
   7885  4915  2970  1741  1126   622   382   227   135    80    47    28
     16    10     6     2    28 10079  6186  2662  3891  9011 17408 26522
  30515 27750 21197 14746  9523  5939  3584  2253  1229   834   467   277
    165    97    58    34    20    12     7     1    27 10500  6097  2662
   3994  9216 18227 28877 34509 32051 25088 17510 11469  7168  4403  2662
   1536  1024   537   336   199   118    70    42    24    15     7    26
  11550  5869  2662  4096  9626 20275 34611 44954 44954 36762 26419 17510
  11162  6861  4096  2560  1434   922   510   313   186   110    65    39
     22    25 12600  5585  2662  4096 10035 21811 39936 56115 59904 51507
  38093 25805 16486 10240  6246  3687  2253  1331   822   472   280   166
     98    50    24 13859  5201  2662  4198 10240 23347 45670 69837 80998
  73728 56730 39322 25498 15974  9728  5939  3482  2151  1229   727   442
    262    58    23 14700  4885  2662  4198 10445 24166 48845 78746 95846
  90829 71783 50483 33075 20787 12698  7783  4608  2765  1639   922   652
     36    21 15750  4392  2662  4198 10547 25088 52429 89395115610115098
  94003 67482 44749 28365 17408 10650  6349  3789  2253   205    18 16800
   3730  2662  4198 10650 25702 55706 99430136192142438120320 88269 59290
  37786 23450 14234  5427    11 18900  2025  2765  4915 12902 32870 75674
 142029200294192512     3 21000     0     3 32767     0   940 12800     3
      0     0     3  2310     0    20  2520  2228    37    18    19    18
     17    17    16    14    13    12    11    10     9     8     7     7
      6    26  2625  3497    71    32    32    31    30    28    26    24
     22    20    18    16    14    13    11    10     9     7     7     6
      5     4     4    28  2730  4229   169    53    47    44    41    37
     34    31    27    24    21    18    16    14    12    10     9     7
      6     5     5     4     3     3     3    29  2835  4739   275    82
     68    63    57    50    44    38    33    28    23    20    16    14
     11     9     8     6     5     5     3     2     4     2     1     1
     29  2940  5097   381   116    98    89    79    68    57    48    39
     31    25    20    16    13    10     7     7     4     5     3     2
      1     1     0     0     0    29  3045  5309   385   161   153   139
    121   101    82    64    49    37    28    21    15    11     9     6
      4     2     1     1     0     0     0     0     0     0    28  3150
   5356   311   212   212   200   178   149   119    91    67    48    34
     23    16    14     8     5     3     2     1     0     0     0     0
      0     0    27  3360  5170   315   258   273   274   260   233   197
    158   121    89    64    44    30    22    17    11     6     3     2
      1     1     0     0     0    25  3570  4882   356   304   334   349
    346   325   287   239   189   143   103    74    50    34    27    18
     12     7     4     2     1     1    23  3780  4426   332   334   380
    415   431   425   395   346   286   223   167   120    84    57    38
     32    20    12     7     4    22  3990  3931   283   359   424   480
    519   533   518   472   405   327   250   183   128    89    59    44
     31    20    11    20  4200  3589   308   404   491   569   630   663
    656   608   526   427   325   236   164   111    73    55    37    18
   4620  3171   324   429   538   646   751   840   896   905   858   762
    631   489   362   253   172    16  5039  3171  1331   307   410   512
    614   614   819   819   819   819   819   922   307    20  5250  4126
   1331   410   512   614   717   819   922  1024  1024  1126  1126  1024
   1024   819   717   717     0    22  5459  4646  1331   512   614   717
    922  1024  1229  1331  1434  1434  1331  1331  1229  1024   922   614
    717   512     0    23  5669  4928  1434   512   717   922  1229  1434
   1536  1843  1843  1843  1741  1638  1434  1229  1024   819   614   512
    509    90    23  5879  5119  1536   614   922  1126  1536  1946  2253
   2355  2560  2458  2253  2048  1741  1434  1229   819   717   512   519
    322    24  6089  5355  1536   819  1229  1638  2150  2662  3072  3379
   3379  3072  2765  2355  1843  1536  1126   819   717   443   351   257
    176    25  6300  5470  1638  1024  1638  2253  3072  3789  4301  4506
   4198  3789  3072  2458  1843  1434   922   819   489   375   265   187
    132    39    26  6719  5677  2253  2355  4198  6246  7680  7680  6451
   4915  3482  2355  1434  1024   600   388   243   151    93    59    37
     22    14     9     1    26  7139  5798  2355  2867  5222  8090  9830
   9523  7885  5734  3994  2560  1536  1024   664   386   236   144    88
     54    33    19    12     8     3    26  7350  5861  2458  2970  5734
   8909 10957 10547  8602  6349  4198  2765  1741  1126   626   403   245
    148    90    55    33    19    12     8     4    27  7559  5909  2458
   3174  6246  9830 12186 11674  9421  6861  4608  2970  1741  1126   736
    417   251   152    91    55    33    20    11     8     4     0    27
   7979  5952  2560  3379  7066 11366 14438 14234 11469  8294  5530  3482
   2253  1331   782   486   292   174   105    62    37    22    13     8
      5     1    27  8400  5978  2560  3789  7782 13210 17101 16896 13824
   9933  6554  4198  2560  1536   922   568   332   197   117    70    41
     24    14     9     5     1    27  8819  5931  2560  3891  8090 14438
  19354 19968 16691 12288  8090  5222  3174  1946  1229   688   418   249
    147    88    52    30    18    11     6     1    27  9239  5894  2662
   3789  8499 15462 21709 23347 19968 14848 10035  6451  3994  2355  1536
    819   528   310   184   109    65    38    22    14     8     0    26
   9450  5853  2662  3891  8602 15974 22938 24986 21811 16282 11059  7168
   4403  2662  1638  1024   535   345   205   121    72    42    25    15
      8    26  9659  5817  2662  3891  8704 16486 24166 26829 23654 17818
  12186  7885  4915  2970  1741  1126   622   382   227   135    80    46
     28    17     8    26 10079  5736  2662  3891  9011 17408 26522 30515
  27750 21197 14746  9523  5939  3584  2253  1229   834   467   277   165
     97    58    34    20     6    26 10500  5650  2662  3994  9216 18227
  28877 34509 32051 25088 17510 11469  7168  4403  2662  1536  1024   537
    336   199   118    70    42    24     2    25 11550  5393  2662  4096
   9626 20275 34611 44954 44954 36762 26419 17510 11162  6861  4096  2560
   1434   922   510   313   186   110    65     4    23 12600  5115  2662
   4096 10035 21811 39936 56115 59904 51507 38093 25805 16486 10240  6246
   3687  2253  1331   821   473   280   164    22 13859  4712  2662  4198
  10240 23347 45670 69837 80998 73728 56730 39322 25498 15974  9728  5939
   3482  2048  1229   830   208    20 14700  4331  2662  4198 10445 24166
  48845 78746 95846 90829 71783 50483 33075 20787 12698  7680  4711  2765
   1536    18 15750  3750  2662  4198 10547 25088 52429 89395115610115098
  94003 67482 44749 28262 17511 10547  4506    15 16800  3049  2662  4198
  10650 25702 55706 99430136192142438120320 88167 59290 35123     9 18900
   1431  2765  4915 12800 32973 75674 75366     3 21000     0     3 32767
      0   864 16000     3     0     0     3  2310     0    18  2520  1766
     37    18    19    18    17    17    16    14    13    12    11    10
      9     8     7    24  2625  3044    71    32    32    31    30    28
     26    24    22    20    18    16    14    13    11    10     9     7
      7     6     5    26  2730  3869   169    53    47    44    41    37
     34    31    27    24    21    18    16    14    12    10     9     7
      6     5     5     4     3    26  2835  4404   275    82    68    63
     57    50    44    38    33    28    23    20    16    14    11     9
      8     6     5     5     3     2     4    27  2940  4757   381   116
     98    89    79    68    57    48    39    31    25    20    16    13
     10     7     7     4     5     3     2     1     1     0    27  3045
   4986   385   161   153   139   121   101    82    64    49    37    28
     21    15    11     9     6     4     2     1     1     0     0     0
      0    26  3150  5020   311   212   212   200   178   149   119    91
     67    48    34    23    16    14     8     5     3     2     1     0
      0     0     0    25  3360  4770   315   258   273   274   260   233
    197   158   121    89    64    44    30    22    17    11     6     3
      2     1     1     0    24  3570  4426   356   304   334   349   346
    325   287   239   189   143   103    74    50    34    27    18    12
      7     4     2     1    21  3780  3911   332   334   380   415   431
    425   395   346   286   223   167   120    84    57    38    32    20
     12    19  3990  3345   280   358   423   479   518   533   518   473
    406   328   251   184   129    89    60    45    17  4200  2956   308
    404   491   569   630   663   656   608   526   427   325   236   164
    111    15  4620  2493   324   429   538   646   751   840   896   905
    858   762   631   489    12  5039  2283  1331   307   410   512   614
    614   717   819   819    17  5250  3412  1331   410   512   614   717
    819   922  1024  1024  1126  1024  1126   922   307    20  5459  4117
   1331   512   614   717   922  1024  1229  1331  1434  1434  1331  1331
   1229   922   922   717   102    21  5669  4494  1434   512   717   922
   1229  1434  1536  1843  1843  1843  1741  1638  1434  1229   922   922
    614   307    22  5879  4712  1536   614   922  1126  1536  1946  2253
   2355  2560  2458  2253  2048  1741  1434  1229   819   717   512   281
     23  6089  4992  1536   819  1229  1638  2150  2662  3072  3379  3379
   3072  2765  2355  1843  1536  1126   819   614   545   350   139    23
   6300  5111  1638  1024  1638  2253  3072  3789  4301  4506  4198  3789
   3072  2458  1843  1434   922   819   489   374   266   182    24  6719
   5314  2253  2355  4198  6246  7680  7680  6451  4915  3482  2355  1434
   1024   600   388   243   151    93    59    37    22    11    25  7139
   5499  2355  2867  5222  8090  9830  9523  7885  5734  3994  2560  1536
   1024   664   386   236   144    88    54    33    19    12     4    25
   7350  5536  2458  2970  5734  8909 10957 10547  8602  6349  4198  2765
   1741  1126   626   403   245   148    90    55    32    20    12     5
     25  7559  5601  2458  3174  6246  9830 12186 11674  9421  6861  4608
   2970  1741  1126   736   417   251   152    91    55    33    19    12
      7    26  7979  5650  2560  3379  7066 11366 14438 14234 11469  8294
   5530  3482  2253  1331   782   486   292   174   105    62    37    22
     13     8     1    25  8400  5630  2560  3789  7782 13210 17101 16896
  13824  9933  6554  4198  2560  1536   922   568   332   197   117    70
     40    25    14     9    25  8819  5544  2560  3891  8090 14438 19354
  19968 16691 12288  8090  5222  3174  1946  1229   688   418   249   147
     88    51    31    18     8    25  9239  5470  2662  3789  8499 15462
  21709 23347 19968 14848 10035  6451  3994  2355  1536   819   528   310
    184   109    64    39    22     6    25  9450  5428  2662  3891  8602
  15974 22938 24986 21811 16282 11059  7168  4403  2662  1638  1024   535
    345   205   121    71    43    25     4    25  9659  5381  2662  3891
   8704 16486 24166 26829 23654 17818 12186  7885  4915  2970  1741  1126
    622   382   227   135    79    47    28     1    24 10079  5253  2662
   3891  9011 17408 26522 30515 27750 21197 14746  9523  5939  3584  2253
   1229   834   467   277   164    98    58    20    24 10500  5201  2662
   3994  9216 18227 28877 34509 32051 25088 17510 11469  7168  4403  2662
   1536  1024   537   336   199   118    70    16    23 11550  4921  2662
   4096  9626 20275 34611 44954 44954 36762 26419 17510 11162  6861  4096
   2560  1434   922   509   314   186    30    21 12600  4584  2662  4096
  10035 21811 39936 56115 59904 51507 38093 25805 16486 10240  6246  3687
   2253  1331   821   439    20 13859  4117  2662  4198 10240 23347 45670
  69837 80998 73728 56730 39322 25498 15974  9728  5837  3584  2048   103
     18 14700  3688  2662  4198 10445 24166 48845 78746 95846 90829 71783
  50483 33075 20685 12800  7680  2253    16 15750  3126  2662  4198 10547
  25088 52429 89395115610115098 94003 67379 44749 28365  4506    13 16800
   2529  2662  4198 10650 25702 55706 99430136192142438120320 79258     8
  18900  1086  2765  4813 12902 32973 13312     3 21000     0     3 32767
      0   784 19200     3     0     0     3  2310     0    16  2520  1230
     37    18    19    18    17    17    16    14    13    12    11    10
      9    21  2625  2537    71    32    32    31    30    28    26    24
     22    20    18    16    14    13    11    10     9     7    24  2730
   3308   169    53    47    44    41    37    34    31    27    24    21
     18    16    14    12    10     9     7     6     5     5    24  2835
   3715   275    82    68    63    57    50    44    38    33    28    23
     20    16    14    11     9     8     6     5     5     3    24  2940
   3968   381   116    98    89    79    68    57    48    39    31    25
     20    16    13    10     7     7     4     5     3     2    24  3045
   4138   385   161   153   139   121   101    82    64    49    37    28
     21    15    11     9     6     4     2     1     1     0    24  3150
   4138   311   212   212   200   178   149   119    91    67    48    34
     23    16    14     8     5     3     2     1     0     0    23  3360
   3869   315   258   273   274   260   233   197   158   121    89    64
     44    30    22    17    11     6     3     2     1    22  3570  3514
    356   304   334   349   346   325   287   239   189   143   103    74
     50    34    27    18    12     7     4    19  3780  3081   332   334
    380   415   431   425   395   346   286   223   167   120    84    57
     38    32    16  3990  2551   283   359   424   480   519   533   518
    472   405   327   250   183   128    14  4200  2086   308   404   491
    569   630   663   656   608   526   427   325    11  4620  1404   324
    429   538   646   751   840   896   905     8  5039  1024  1331   307
    410   512     0    13  5250  2558  1331   410   512   614   717   819
    819  1024  1126  1126    17  5459  3479  1331   512   614   717   922
   1024  1229  1331  1434  1434  1331  1331  1126   614    19  5669  3996
   1434   512   717   922  1229  1434  1536  1843  1843  1843  1741  1638
   1434  1229   922   614    20  5879  4290  1536   614   922  1126  1536
   1946  2253  2355  2560  2458  2253  2048  1741  1434  1126   922   512
     22  6089  4626  1536   819  1229  1638  2150  2662  3072  3379  3379
   3072  2765  2355  1843  1536  1126   819   614   545    29    22  6300
   4744  1638  1024  1638  2253  3072  3789  4301  4506  4198  3789  3072
   2458  1843  1434   922   717   590   375   153    23  6719  4980  2253
   2355  4198  6246  7680  7680  6451  4915  3482  2355  1434  1024   600
    388   243   151    93    59    37    11    24  7139  5128  2355  2867
   5222  8090  9830  9523  7885  5734  3994  2560  1536  1024   664   386
    236   144    88    54    33    19     1    24  7350  5201  2458  2970
   5734  8909 10957 10547  8602  6349  4198  2765  1741  1126   626   403
    245   148    90    54    33    20     5    24  7559  5219  2458  3174
   6246  9830 12186 11674  9421  6861  4608  2970  1741  1126   736   417
    251   152    91    55    33    19     6    24  7979  5219  2560  3379
   7066 11366 14438 14234 11469  8294  5530  3482  2253  1331   782   486
    292   174   105    61    38    22     6    24  8400  5150  2560  3789
   7782 13210 17101 16896 13824  9933  6554  4198  2560  1536   922   568
    332   197   117    69    41    25     2    23  8819  5101  2560  3891
   8090 14438 19354 19968 16691 12288  8090  5222  3174  1946  1229   688
    418   249   147    87    52    29    23  9239  5020  2662  3789  8499
  15462 21709 23347 19968 14848 10035  6451  3994  2355  1536   819   528
    310   183   110    64    26    23  9450  4992  2662  3891  8602 15974
  22938 24986 21811 16282 11059  7168  4403  2662  1638  1024   535   345
    204   121    72    25    23  9659  4941  2662  3891  8704 16486 24166
  26829 23654 17818 12186  7885  4915  2970  1741  1126   622   382   227
    134    80    17    22 10079  4837  2662  3891  9011 17408 26522 30515
  27750 21197 14746  9523  5939  3584  2253  1229   834   466   278   164
     90    22 10500  4734  2662  3994  9216 18227 28877 34509 32051 25088
  17510 11469  7168  4403  2662  1536  1024   536   336   200    66    21
  11550  4466  2662  4096  9626 20275 34611 44954 44954 36762 26419 17510
  11162  6861  4096  2560  1434   819   612   160    20 12600  4142  2662
   4096 10035 21811 39936 56115 59904 51507 38093 25805 16486 10240  6246
   3687  2253  1331   202    18 13859  3653  2662  4198 10240 23347 45670
  69837 80998 73728 56730 39322 25498 15872  9830  5837  1127    16 14700
   3266  2662  4198 10445 24166 48845 78746 95846 90829 71783 50381 33075
  20787 10343    14 15750  2754  2662  4198 10547 25088 52429 89395115610
 115098 94003 67379 35840    12 16800  2197  2662  4198 10650 25702 55706
  99328136294142438 74035     7 18900   852  2765  4813 12902  7782     3
  21000     0     3 32767     0   705 22400     3     0     0     3  2310
      0    14  2520   615    37    18    19    18    17    17    16    14
     13    12    11    19  2625  1603    71    32    32    31    30    28
     26    24    22    20    18    16    14    13    11    10    22  2730
   2270   169    53    47    44    41    37    34    31    27    24    21
     18    16    14    12    10     9     7     6    20  2835  2642   275
     82    68    63    57    50    44    38    33    28    23    20    16
     14    11     9     8    20  2940  2887   381   116    98    89    79
     68    57    48    39    31    25    20    16    13    10     7     7
     20  3045  3023   385   161   153   139   121   101    82    64    49
     37    28    21    15    11     9     6     4    22  3150  3026   311
    212   212   200   178   149   119    91    67    48    34    23    16
     14     8     5     3     2     1    21  3360  2856   315   258   273
    274   260   233   197   158   121    89    64    44    30    22    17
     11     6     3    20  3570  2604   356   304   334   349   346   325
    287   239   189   143   103    74    50    34    27    18    12    18
   3780  2256   332   334   380   415   431   425   395   346   286   223
    167   120    84    57    38    16  3990  1809   283   359   424   480
    519   533   518   472   405   327   250   183   128    14  4200  1351
    308   404   491   569   630   663   656   608   526   427   325     5
   4620   317  1229     0     3  5040     0    10  5250  1548  1331   410
    512   512   717   819   102    14  5459  2675  1331   512   614   717
    922  1024  1229  1331  1331  1434   614    17  5669  3422  1434   512
    717   922  1229  1434  1536  1843  1843  1843  1741  1638  1434   410
     19  5879  3868  1536   614   922  1126  1536  1946  2253  2355  2560
   2458  2253  2048  1741  1434  1126   102    20  6089  4229  1536   819
   1229  1638  2150  2662  3072  3379  3379  3072  2765  2355  1843  1434
   1126   922   307    21  6300  4357  1638  1024  1638  2253  3072  3789
   4301  4506  4198  3789  3072  2458  1843  1434   922   717   590    10
     22  6719  4626  2253  2355  4198  6246  7680  7680  6451  4915  3482
   2355  1434  1024   600   388   243   150    94    59     3    22  7139
   4764  2355  2867  5222  8090  9830  9523  7885  5734  3994  2560  1536
   1024   664   386   236   144    88    54    21    22  7350  4811  2458
   2970  5734  8909 10957 10547  8602  6349  4198  2765  1741  1126   626
    403   245   148    90    54    28    22  7559  4811  2458  3174  6246
   9830 12186 11674  9421  6861  4608  2970  1741  1126   736   417   251
    151    92    55    27    22  7979  4774  2560  3379  7066 11366 14438
  14234 11469  8294  5530  3482  2253  1331   782   486   292   174   104
     62    27    22  8400  4712  2560  3789  7782 13210 17101 16896 13824
   9933  6554  4198  2560  1536   922   568   332   197   117    69    20
     22  8819  4633  2560  3891  8090 14438 19354 19968 16691 12288  8090
   5222  3174  1946  1229   688   418   248   148    87     7    21  9239
   4545  2662  3789  8499 15462 21709 23347 19968 14848 10035  6451  3994
   2355  1536   819   528   310   183    88    21  9450  4503  2662  3891
   8602 15974 22938 24986 21811 16282 11059  7168  4403  2662  1638  1024
    535   344   205    79    21  9659  4466  2662  3891  8704 16486 24166
  26829 23654 17818 12186  7885  4915  2970  1741  1126   622   382   227
     69    21 10079  4369  2662  3891  9011 17408 26522 30515 27750 21197
  14746  9523  5939  3584  2253  1229   834   466   278    14    20 10500
   4261  2662  3994  9216 18227 28877 34509 32051 25088 17510 11469  7168
   4403  2662  1536   922   639   236    19 11550  3968  2662  4096  9626
  20275 34611 44954 44954 36762 26419 17510 11162  6861  4096  2458  1536
    512    18 12600  3641  2662  4096 10035 21811 39936 56115 59904 51507
  38093 25805 16486 10138  6246  3789   614    16 13859  3266  2662  4198
  10240 23347 45670 69837 80998 73728 56730 39219 25498 15974  7885    15
  14700  2873  2662  4198 10445 24166 48845 78746 95846 90829 71783 50381
  33075  5632    13 15750  2398  2662  4198 10547 25088 52429 89395115610
 115098 94003 27853    11 16800  1889  2662  4198 10650 25702 55603 99430
 136294 55296     6 18900   658  2765  4813  5837     3 21000     0     3
  32767     0   565 25600     3     0     0     3  2520     0    11  2625
    669    71    32    32    31    30    28    26    24    13  2730  1233
    169    53    47    44    41    37    34    31    27    24    14  2835
   1568   275    82    68    63    57    50    44    38    33    28    23
     15  2940  1806   381   116    98    89    79    68    57    48    39
     31    25    20    16  3045  1908   385   161   153   139   121   101
     82    64    49    37    28    21    15    16  3150  1914   311   212
    212   200   178   149   119    91    67    48    34    23    16    16
   3360  1842   315   258   273   274   260   233   197   158   121    89
     64    44    30    15  3570  1693   356   304   334   349   346   325
    287   239   189   143   103    74    12  3780  1431   332   334   380
    415   431   425   395   346   286     9  3990  1066   283   359   424
    480   519   533     6  4200   616   308   404   491     3  4620     0
      3  5040     0     5  5250   457  1331   307    10  5459  1548  1331
    512   614   614   922  1126     0    14  5669  2806  1434   512   717
    922  1229  1434  1536  1741  1946  1843  1638    17  5879  3368  1536
    614   922  1126  1536  1946  2253  2355  2560  2458  2253  2048  1741
    205    18  6089  3830  1536   819  1229  1638  2150  2662  3072  3379
   3379  3072  2765  2355  1843  1434  1126    19  6300  3979  1638  1024
   1638  2253  3072  3789  4301  4506  4198  3789  3072  2458  1741  1434
   1024   410    20  6719  4261  2253  2355  4198  6246  7680  7680  6451
   4915  3482  2355  1434  1024   600   387   243   151    66    20  7139
   4344  2355  2867  5222  8090  9830  9523  7885  5734  3994  2560  1536
   1024   664   385   237   144    86    20  7350  4344  2458  2970  5734
   8909 10957 10547  8602  6349  4198  2765  1741  1126   626   402   245
    149    88    20  7559  4331  2458  3174  6246  9830 12186 11674  9421
   6861  4608  2970  1741  1126   736   416   252   151    86    20  7979
   4245  2560  3379  7066 11366 14438 14234 11469  8294  5530  3482  2253
   1331   782   485   292   175    67    20  8400  4158  2560  3789  7782
  13210 17101 16896 13824  9933  6554  4198  2560  1536   922   567   332
    198    34    19  8819  4077  2560  3891  8090 14438 19354 19968 16691
  12288  8090  5222  3174  1946  1126   790   418   235    19  9239  3996
   2662  3789  8499 15462 21709 23347 19968 14848 10035  6451  3994  2355
   1434   922   528   208    19  9450  3943  2662  3891  8602 15974 22938
  24986 21811 16282 11059  7168  4403  2662  1638   922   637   162    19
   9659  3904  2662  3891  8704 16486 24166 26829 23654 17818 12186  7885
   4915  2970  1741  1024   724   116    18 10079  3796  2662  3891  9011
  17408 26522 30515 27750 21197 14746  9523  5939  3584  2150  1331   727
     18 10500  3699  2662  3994  9216 18227 28877 34509 32051 25088 17510
  11469  7168  4301  2662  1638   512    17 11550  3412  2662  4096  9626
  20275 34611 44954 44954 36762 26419 17510 11059  6861  4198   922    16
  12600  3093  2662  4096 10035 21811 39936 56115 59904 51507 38093 25702
  16486 10240   717    14 13859  2706  2662  4198 10240 23347 45670 69837
  80998 73728 56730 39219 16077    13 14700  2427  2662  4198 10445 24166
  48845 78746 95744 90931 71783 26829    12 15750  2048  2662  4198 10547
  25088 52429 89293115712115098     0    10 16800  1629  2662  4198 10650
  25702 55603 99430 46694     5 18900   433  2765  2765     3 21000     0
      3 32767     0   428 28800     3     0     0     3  2730     0     6
   2835   389   275    82    68     8  2940   659   381   116    98    89
     79     9  3045   797   385   161   153   139   121   101    10  3150
    818   311   212   212   200   178   149   119    11  3360   754   315
    258   273   274   260   233   197   158    10  3570   559   356   304
    334   349   346   325   287     7  3780   149   332   334   380   415
      3  3990     0     3  4200     0     3  4600     0     3  5040     0
      3  5250     0     5  5459   285  1331     0    12  5669  2110  1434
    512   717   922  1229  1331  1638  1741   512    14  5879  2806  1536
    614   922  1126  1536  1946  2253  2355  2458  2560  2150    17  6089
   3380  1536   819  1229  1638  2150  2662  3072  3379  3379  3072  2765
   2355  1843   307    18  6300  3609  1638  1024  1638  2253  3072  3789
   4301  4506  4198  3789  3072  2355  1843  1434   102    18  6719  3821
   2253  2355  4198  6246  7680  7680  6451  4915  3482  2355  1434   922
    703   387   230    19  7139  3853  2355  2867  5222  8090  9830  9523
   7885  5734  3994  2560  1536  1024   663   386   237     9    18  7350
   3796  2458  2970  5734  8909 10957 10547  8602  6349  4198  2765  1741
   1024   728   403   211    18  7559  3769  2458  3174  6246  9830 12186
  11674  9421  6861  4608  2970  1741  1126   735   417   195    18  7979
   3671  2560  3379  7066 11366 14438 14234 11469  8294  5530  3482  2253
   1229   819   551   117    17  8400  3560  2560  3789  7782 13210 17101
  16896 13824  9933  6554  4198  2458  1536  1024   528    17  8819  3461
   2560  3891  8090 14438 19354 19968 16691 12288  8090  5222  3174  1946
   1126   498    17  9239  3357  2662  3789  8499 15462 21709 23347 19968
  14848 10035  6451  3891  2458  1434   102    16  9450  3300  2662  3891
   8602 15974 22938 24986 21811 16282 11059  7066  4403  2765  1434    16
   9659  3249  2662  3891  8704 16486 24166 26829 23654 17818 12186  7782
   4915  2970  1331    16 10079  3145  2662  3891  9011 17408 26522 30515
  27750 21197 14746  9421  5939  3686   717    15 10500  3030  2662  3994
   9216 18227 28877 34509 32051 25088 17510 11366  7270  3789    14 11550
   2763  2662  4096  9626 20275 34611 44954 44954 36659 26419 17613  9216
     13 12600  2464  2662  4096 10035 21811 39936 56115 59904 51405 38093
  17408    12 13859  2110  2662  4198 10240 23347 45670 69837 80896 73830
  15463    11 14700  1849  2662  4198 10445 24166 48845 78643 95846 21606
      9 15750  1489  2662  4198 10547 24986 52531 70554     8 16800  1086
   2662  4198 10650 25702 10035     3 18900     0     3 32767     0   266
  31999     3     0     0     3  5647     0     9  5669  1343  1434   512
    717   922  1126   410    12  5879  2181  1536   614   922  1126  1536
   1843  2253  2458  1331    15  6089  2844  1536   819  1229  1638  2150
   2662  3072  3379  3277  3174  2765   307    16  6300  3252  1638  1024
   1638  2253  3072  3789  4301  4506  4198  3686  3072  2458  1434    17
   6719  3451  2253  2355  4198  6246  7680  7680  6451  4915  3482  2355
   1434   922   703   210    16  7139  3307  2355  2867  5222  8090  9830
   9523  7885  5734  3994  2458  1638  1024   625    16  7350  3221  2458
   2970  5734  8909 10957 10547  8602  6349  4198  2765  1741  1024   493
     16  7559  3153  2458  3174  6246  9830 12186 11674  9421  6861  4608
   2867  1843  1126   304    15  7979  2994  2560  3379  7066 11366 14438
  14234 11469  8294  5427  3584  2150  1024    15  8400  2852  2560  3789
   7782 13210 17101 16896 13824  9933  6554  4096  2560   307    14  8819
   2706  2560  3891  8090 14438 19354 19968 16691 12186  8192  5120  2048
     13  9239  2558  2662  3789  8499 15462 21709 23347 19968 14746 10035
   6451    13  9450  2481  2662  3891  8602 15974 22938 24986 21709 16384
  11059  5222    13  9659  2408  2662  3891  8704 16486 24166 26829 23552
  17818 12288  3584    12 10079  2242  2662  3891  9011 17408 26522 30515
  27648 21299 11674    12 10500  2069  2662  3994  9216 18227 28877 34406
  32154 25088  1741    10 11550  1662  2662  4096  9626 20173 34611 45056
  22733     8 12600  1233  2662  4096  9933 21914 31130     6 13859   648
   2560  4198  4403     4 14700   165  1843     3 15750     0     3 32767
      0   188 35199     3     0     0     3  5647     0     6  5669   544
   1331   614   102     9  5879  1497  1536   614   819  1229  1536  1536
     12  6089  2242  1536   819  1229  1638  2150  2560  3174  3379  2560
     15  6300  2866  1638  1024  1638  2253  3072  3789  4301  4506  4198
   3686  3072   614    15  6719  2866  2253  2355  4198  6246  7680  7680
   6451  4915  3379  2355  1536   205    14  7139  2653  2355  2867  5222
   8090  9830  9523  7885  5734  3891  2560   717    13  7350  2551  2458
   2970  5734  8909 10957 10547  8602  6246  4301  2662    13  7559  2455
   2458  3174  6246  9830 12186 11674  9421  6861  4506  1946    12  7979
   2242  2560  3379  7066 11366 14438 14131 11571  8192  4506    11  8400
   2025  2560  3789  7782 13210 16998 16998 13824  9114    11  8819  1805
   2560  3891  8090 14438 19251 20070 16691   819    10  9239  1581  2662
   3789  8499 15360 21811 23245  3891     9  9450  1457  2662  3891  8499
  15974 22938 17510     9  9659  1343  2662  3891  8704 16486 24064  6656
      8 10079  1105  2662  3891  8909 17510  7475     7 10500   865  2560
   3994  9216  5734     3 11500     0     3 32767     0   123 38399     3
      0     0     3  5857     0     7  5879   774  1434   614   922     0
     10  6089  1581  1536   819  1229  1536  2150  2662   614    13  6300
   2356  1638  1024  1638  2253  3072  3789  4301  4506  4198   819    12
   6719  2228  2253  2355  4198  6246  7680  7578  6451  4915  2662    11
   7139  1948  2355  2867  5222  8090  9830  9523  7885  3686    10  7350
   1790  2458  2970  5734  8909 10854 10650  8499    10  7559  1640  2458
   3174  6246  9830 12083 11674  4198     9  7979  1413  2560  3379  6963
  11469 14438  7578     8  8400  1045  2560  3686  7782 13312  1331     6
   8819   715  2560  3789  6042     5  9239   360  2560  1229     4  9450
    165  1843     4  9659     0  1843     3 10080     0     3 32767     0
     76 41599     3     0     0     3  5857     0     4  5879     0  1843
      7  6089   845  1536   819  1126   512    10  6300  1640  1638  1024
   1638  2150  3072  3789  1741     9  6719  1505  2253  2355  4096  6349
   7680  6758     8  7139  1204  2355  2765  5325  8090  6861     8  7350
   1045  2458  2867  5734  9011   819     7  7559   884  2458  3174  6246
   3994     5  7979   488  2458  3072     4  8400     0  5530     3  8820
      0     3 32767     0    43 44799     3     0     0     3  6067     0
      4  6089    81  1126     6  6300   517  1638  1024     0     6  6719
    715  2150  2355  3174     5  7139   407  2355  1331     4  7350   248
   2253     4  7559    62  1229     3  7980     0     3 32767     0     0
