 2  0  -0.484165371736E-3  0.0E-0
 2  1  -0.186987635955E-9  0.119528012031E-8
 2  2   0.243914352398E-5 -0.140016683654E-5
 3  0   0.957254173792E-6  0.0E-0
 3  1   0.202998882184E-5  0.248513158716E-6
 3  2   0.904627768605E-6 -0.619025944205E-6
 3  3   0.721082657057E-6  0.141435626958E-5
 4  0   0.539873863789E-6  0.0E-0
 4  1  -0.536321616971E-6 -0.473440265853E-6
 4  2   0.350694105785E-6  0.662671572540E-6
 4  3   0.990771803829E-6 -0.200928369077E-6
 4  4  -0.188560802735E-6  0.308853169333E-6
 5  0   0.685323475630E-7  0.0E-0
 5  1  -0.621012128528E-7 -0.944226127525E-7
 5  2   0.652438297612E-6 -0.323349612668E-6
 5  3  -0.451955406071E-6 -0.214847190624E-6
 5  4  -0.295301647654E-6  0.496658876769E-7
 5  5   0.174671983203E-6 -0.669384278219E-6
 6  0  -0.149957994714E-6  0.0E-0
 6  1  -0.760879384947E-7  0.262890545501E-7
 6  2   0.481732442832E-7 -0.373728201347E-6
 6  3   0.571730990516E-7  0.902694517163E-8
 6  4  -0.862142660109E-7 -0.471408154267E-6
 6  5  -0.267133325490E-6 -0.536488432483E-6
 6  6   0.967616121092E-8 -0.237192006935E-6
 7  0   0.909789371450E-7  0.0E-0
 7  1   0.279872910488E-6  0.954336911867E-7
 7  2   0.329743816488E-6  0.930667596042E-7
 7  3   0.250398657706E-6 -0.217198608738E-6
 7  4  -0.275114355257E-6 -0.123800392323E-6
 7  5   0.193765507243E-8  0.177377719872E-7
 7  6  -0.358856860645E-6  0.151789817739E-6
 7  7   0.109185148045E-8  0.244415707993E-7
 8  0   0.496711667324E-7  0.0E-0
 8  1   0.233422047893E-7  0.590060493411E-7
 8  2   0.802978722615E-7  0.654175425859E-7
 8  3  -0.191877757009E-7 -0.863454445021E-7
 8  4  -0.244600105471E-6  0.700233016934E-7
 8  5  -0.255352403037E-7  0.891462164788E-7
 8  6  -0.657361610961E-7  0.309238461807E-6
 8  7   0.672811580072E-7  0.747440473633E-7
 8  8  -0.124092493016E-6  0.120533165603E-6
 9  0   0.276714300853E-7  0.0E-0
 9  1   0.143387502849E-6  0.216834948618E-7
 9  2   0.222288318564E-7 -0.322196647116E-7
 9  3  -0.160811502143E-6 -0.742287409462E-7
 9  4  -0.900179225336E-8  0.194666779475E-7
 9  5  -0.166165092924E-7 -0.541113191483E-7
 9  6   0.626941938248E-7  0.222903525945E-6
 9  7  -0.118366323475E-6 -0.965152667886E-7
 9  8   0.188436022794E-6 -0.308566220421E-8
 9  9  -0.477475386132E-7  0.966412847714E-7
10  0   0.526222488569E-7  0.0E-0
10  1   0.835115775652E-7 -0.131314331796E-6
10  2  -0.942413882081E-7 -0.515791657390E-7
10  3  -0.689895048176E-8 -0.153768828694E-6
10  4  -0.840764549716E-7 -0.792806255331E-7
10  5  -0.493395938185E-7 -0.505370221897E-7
10  6  -0.375885236598E-7 -0.795667053872E-7
10  7   0.811460540925E-8 -0.336629641314E-8
10  8   0.404927981694E-7 -0.918705975922E-7
10  9   0.125491334939E-6 -0.376516222392E-7
10 10   0.100538634409E-6 -0.240148449520E-7
11  0  -0.509613707522E-7  0.0E-0
11  1   0.151687209933E-7 -0.268604146166E-7
11  2   0.186309749878E-7 -0.990693862047E-7
11  3  -0.309871239854E-7 -0.148131804260E-6
11  4  -0.389580205051E-7 -0.636666511980E-7
11  5   0.377848029452E-7  0.494736238169E-7
11  6  -0.118676592395E-8  0.344769584593E-7
11  7   0.411565188074E-8 -0.898252808977E-7
11  8  -0.598410841300E-8  0.243989612237E-7
11  9  -0.314231072723E-7  0.417731829829E-7
11 10  -0.521882681927E-7 -0.183364561788E-7
11 11   0.460344448746E-7 -0.696662308185E-7
12  0   0.377252636558E-7  0.0E-0
12  1  -0.540654977836E-7 -0.435675748979E-7
12  2   0.142979642253E-7  0.320975937619E-7
12  3   0.393995876403E-7  0.244264863505E-7
12  4  -0.686908127934E-7  0.415081109011E-8
12  5   0.309411128730E-7  0.782536279033E-8
12  6   0.341523275208E-8  0.391765484449E-7
12  7  -0.186909958587E-7  0.356131849382E-7
12  8  -0.253769398865E-7  0.169361024629E-7
12  9   0.422880630662E-7  0.252692598301E-7
12 10  -0.617619654902E-8  0.308375794212E-7
12 11   0.112502994122E-7 -0.637946501558E-8
12 12  -0.249532607390E-8 -0.111780601900E-7
13  0   0.422982206413E-7  0.0E-0
13  1  -0.513569699124E-7  0.390510386685E-7
13  2   0.559217667099E-7 -0.627337565381E-7
13  3  -0.219360927945E-7  0.974829362237E-7
13  4  -0.313762599666E-8 -0.119627874492E-7
13  5   0.590049394905E-7  0.664975958036E-7
13  6  -0.359038073075E-7 -0.657280613686E-8
13  7   0.253002147087E-8 -0.621470822331E-8
13  8  -0.983150822695E-8 -0.104740222825E-7
13  9   0.247325771791E-7  0.452870369936E-7
13 10   0.410324653930E-7 -0.368121029480E-7
13 11  -0.443869677399E-7 -0.476507804288E-8
13 12  -0.312622200222E-7  0.878405809267E-7
13 13  -0.612759553199E-7  0.685261488594E-7
14  0  -0.242786502921E-7  0.0E-0
14  1  -0.186968616381E-7  0.294747542249E-7
14  2  -0.367789379502E-7 -0.516779392055E-8
14  3   0.358875097333E-7  0.204618827833E-7
14  4   0.183865617792E-8 -0.226780613566E-7
14  5   0.287344273542E-7 -0.163882249728E-7
14  6  -0.194810485574E-7  0.247831272781E-8
14  7   0.375003839415E-7 -0.417291319429E-8
14  8  -0.350946485865E-7 -0.153515265203E-7
14  9   0.320284939341E-7  0.288804922064E-7
14 10   0.390329180008E-7 -0.144308452469E-8
14 11   0.153970516502E-7 -0.390548173245E-7
14 12   0.840829163869E-8 -0.311327189117E-7
14 13   0.322147043964E-7  0.451897224960E-7
14 14  -0.518980794309E-7 -0.481506636748E-8
15  0   0.147910068708E-8  0.0E-0
15  1   0.100817268177E-7  0.109773066324E-7
15  2  -0.213942673775E-7 -0.308914875777E-7
15  3   0.521392929041E-7  0.172892926103E-7
15  4  -0.408150084078E-7  0.650174707794E-8
15  5   0.124935723108E-7  0.808375563996E-8
15  6   0.331211643896E-7 -0.368246004304E-7
15  7   0.596210699259E-7  0.531841171879E-8
15  8  -0.322428691498E-7  0.221523579587E-7
15  9   0.128788268085E-7  0.375629820829E-7
15 10   0.104688722521E-7  0.147222147015E-7
15 11  -0.111675061934E-8  0.180996198432E-7
15 12  -0.323962134415E-7  0.155243104746E-7
15 13  -0.283933019117E-7 -0.422066791103E-8
15 14   0.519168859330E-8 -0.243752739666E-7
15 15  -0.190930538322E-7 -0.471139421558E-8
16  0  -0.315322986722E-8  0.0E-0
16  1   0.258360856231E-7  0.325447560859E-7
16  2  -0.233671404512E-7  0.288799363439E-7
16  3  -0.336019429391E-7 -0.220418988010E-7
16  4   0.402316284314E-7  0.483837716909E-7
16  5  -0.129501939245E-7 -0.319458578129E-8
16  6   0.140239252323E-7 -0.350760208303E-7
16  7  -0.708412635136E-8 -0.881581561131E-8
16  8  -0.209018868094E-7  0.500527390530E-8
16  9  -0.218588720643E-7 -0.395012419994E-7
16 10  -0.117529900814E-7  0.114211582961E-7
16 11   0.187574042592E-7 -0.303161919925E-8
16 12   0.195400194038E-7  0.666983574071E-8
16 13   0.138196369576E-7  0.102778499508E-8
16 14  -0.193182168856E-7 -0.386174893776E-7
16 15  -0.145149060142E-7 -0.327443078739E-7
16 16  -0.379671710746E-7  0.302155372655E-8
17  0   0.197605066395E-7  0.0E-0
17  1  -0.254177575118E-7 -0.306630529689E-7
17  2  -0.195988656721E-7  0.649265893410E-8
17  3   0.564123066224E-8  0.678327095529E-8
17  4   0.707457075637E-8  0.249437600834E-7
17  5  -0.154987006052E-7  0.660021551851E-8
17  6  -0.118194012847E-7 -0.289770975177E-7
17  7   0.242149702381E-7 -0.422222973697E-8
17  8   0.388442097559E-7  0.358904095943E-8
17  9   0.371356493231E-8 -0.281466943714E-7
17 10  -0.388216085542E-8  0.181328176508E-7
17 11  -0.157356600363E-7  0.106560649404E-7
17 12   0.288013010655E-7  0.203450136084E-7
17 13   0.165503425731E-7  0.204667531435E-7
17 14  -0.141983872649E-7  0.114948025244E-7
17 15   0.542100361657E-8  0.532610369811E-8
17 16  -0.301992205043E-7  0.365331918531E-8
17 17  -0.343086856041E-7 -0.198523455381E-7
18  0   0.508691038332E-8  0.0E-0
18  1   0.721098449649E-8 -0.388714473013E-7
18  2   0.140631771205E-7  0.100093396253E-7
18  3  -0.507232520873E-8 -0.490865931335E-8
18  4   0.548759308217E-7 -0.135267117720E-8
18  5   0.548710485555E-8  0.264338629459E-7
18  6   0.146570755271E-7 -0.136438019951E-7
18  7   0.675812328417E-8  0.688577494235E-8
18  8   0.307619845144E-7  0.417827734107E-8
18  9  -0.188470601880E-7  0.368302736953E-7
18 10   0.527535358934E-8 -0.466091535881E-8
18 11  -0.729628518960E-8  0.195215208020E-8
18 12  -0.297449412422E-7 -0.164497878395E-7
18 13  -0.627919717152E-8 -0.348383939938E-7
18 14  -0.815605336410E-8 -0.128636585027E-7
18 15  -0.405003412879E-7 -0.202684998021E-7
18 16   0.104141042028E-7  0.661468817624E-8
18 17   0.358771586841E-8  0.448065587564E-8
18 18   0.312351953717E-8 -0.109906032543E-7
