  2    0   -0.912253528209E-04    0.000000000000E+00
  2    1   -0.182240528303E-06    0.986743378399E-07 
  2    2    0.344344414316E-04   -0.643069492547E-07 
  3    0   -0.377939697352E-05    0.000000000000E+00 
  3    1    0.261915153494E-04    0.513243605486E-05
  3    2    0.143057885073E-04    0.484975411610E-05 
  3    3    0.125935654319E-04   -0.193716576925E-05 
  4    0    0.311112907684E-05    0.000000000000E+00 
  4    1   -0.572303554125E-05    0.133451819207E-05 
  4    2   -0.681619538984E-05   -0.611981534584E-05 
  4    3   -0.140064423773E-05   -0.135021727446E-04 
  4    4   -0.649828295587E-05    0.437262677981E-05 
  5    0   -0.363618554613E-06    0.000000000000E+00 
  5    1   -0.131754076117E-05   -0.442787205061E-05 
  5    2    0.396665747937E-05    0.135513945731E-05 
  5    3   -0.450495273691E-06    0.861861247337E-05 
  5    4    0.297233919665E-05   -0.730823169690E-07 
  5    5    0.369497496672E-05   -0.326284491225E-05 
  6    0    0.394555398815E-05    0.000000000000E+00 
  6    1    0.197408921936E-05   -0.294952849013E-05 
  6    2   -0.423264260849E-05   -0.187767277439E-05 
  6    3   -0.295363112702E-05   -0.383541279004E-05
  6    4    0.125983657031E-05   -0.423417476295E-05 
  6    5    0.136249095808E-05   -0.100841388475E-04
  6    6   -0.523706709573E-05    0.769194948228E-05 
  7    0    0.640420831081E-05    0.000000000000E+00 
  7    1    0.767978860395E-05    0.261997039665E-06 
  7    2   -0.139668593413E-05    0.268902745406E-05 
  7    3    0.409047354853E-06    0.238285407909E-05 
  7    4   -0.103103965984E-05    0.130070562025E-05 
  7    5   -0.120571997679E-05    0.158503903212E-05 
  7    6   -0.102746944981E-05    0.862856415928E-06 
  7    7   -0.139340328516E-05   -0.210578976419E-05
  8    0    0.258622330507E-05    0.000000000000E+00 
  8    1   -0.321207284866E-06    0.151869440033E-05 
  8    2    0.305223379083E-05    0.127646452754E-05 
  8    3   -0.138268368353E-05    0.587478102993E-06 
  8    4    0.352864223577E-05   -0.121841445262E-05 
  8    5   -0.128381087027E-05    0.228960089967E-05 
  8    6   -0.602870465997E-06   -0.270355566466E-05 
  8    7   -0.136717830282E-05    0.337180237659E-05  
  8    8   -0.290832070040E-05    0.265815924901E-05 
  9    0   -0.205442497698E-05    0.000000000000E+00 
  9    1    0.251603364952E-05    0.872824063578E-06 
  9    2    0.220871793036E-05   -0.175924924406E-05 
  9    3   -0.147945069566E-05    0.183802276926E-05 
  9    4   -0.252837257364E-05   -0.110134181280E-05 
  9    5   -0.176697484584E-05   -0.306520199402E-05 
  9    6   -0.179025055934E-05   -0.258161233490E-05 
  9    7   -0.458700724332E-05    0.369386590615E-06 
  9    8   -0.139787167313E-05   -0.211442635194E-05 
  9    9   -0.602691221749E-06    0.198626530827E-05 
 10    0   -0.242114840885E-06    0.000000000000E+00 
 10    1   -0.514019261109E-06   -0.258986017284E-06 
 10    2    0.518885416978E-06   -0.120306682174E-05 
 10    3   -0.502808583352E-08    0.127230999930E-05 
 10    4   -0.417314771481E-05    0.157744068463E-05 
 10    5    0.988529664981E-06   -0.987999085470E-06 
 10    6    0.454684972814E-06   -0.232325985580E-05
 10    7   -0.432903153170E-05   -0.159851964850E-05
 10    8   -0.305870619354E-05    0.231145155260E-05
 10    9   -0.504120352646E-05   -0.286837547346E-06 
 10   10    0.737466561810E-06   -0.138486746033E-05
 11    0   -0.464909026845E-06    0.000000000000E+00 
 11    1    0.225119202775E-06    0.805335393073E-06  
 11    2    0.247492797103E-05   -0.269307050789E-05 
 11    3    0.730461120904E-06    0.452371542090E-06 
 11    4   -0.101048322545E-05    0.182810693991E-05 
 11    5    0.712083318513E-06    0.204926002029E-05 
 11    6    0.805242095166E-06   -0.114536258382E-05 
 11    7   -0.276121966112E-06   -0.286242487920E-05 
 11    8   -0.189568325107E-05    0.329098389274E-06 
 11    9   -0.281158621831E-05    0.511488392620E-06 
 11   10   -0.409862651032E-05    0.606068703094E-07 
 11   11   -0.283821095276E-05   -0.190279535794E-05 
 12    0   -0.116274972432E-05    0.000000000000E+00
 12    1   -0.134120717523E-05    0.181524590410E-05 
 12    2   -0.231686614739E-06    0.675216072175E-06  
 12    3   -0.639964033500E-06   -0.280439356937E-05 
 12    4    0.342203886448E-06    0.512642939508E-06 
 12    5    0.108348694649E-06    0.818258443705E-06 
 12    6    0.433629050336E-06    0.780555969278E-06 
 12    7    0.154045001314E-05   -0.133769946851E-05 
 12    8    0.494509088155E-06   -0.236854058216E-05 
 12    9   -0.129156468800E-05    0.312366873953E-06 
 12   10   -0.267057854934E-05   -0.115606815403E-05 
 12   11   -0.151354827343E-05   -0.446227225340E-06 
 12   12    0.501462873463E-06    0.112121095608E-05 
 13    0   -0.138912069530E-06    0.000000000000E+00
 13    1    0.837933375488E-06   -0.381813940597E-06 
 13    2   -0.128415968925E-05   -0.332197218659E-06
 13    3    0.129475945905E-06   -0.669356216529E-06 
 13    4    0.132592953954E-05   -0.113080657635E-05
 13    5   -0.748432691390E-06    0.518506538237E-06
 13    6   -0.305237274026E-06    0.138453087581E-05 
 13    7   -0.210466519827E-06   -0.671639961824E-06 
 13    8    0.234680636200E-06   -0.158666383523E-05 
 13    9   -0.657101713326E-08    0.103750706261E-05 
 13   10   -0.712866700120E-06    0.117582066304E-05 
 13   11   -0.150409091323E-05   -0.109981556412E-07 
 13   12   -0.240179313166E-06   -0.156587024557E-05 
 13   13    0.210769529972E-05   -0.245572481675E-05 
 14    0    0.366106718940E-06    0.000000000000E+00
 14    1    0.981039551499E-06   -0.101487892351E-05
 14    2   -0.798360646159E-07    0.133271552356E-06 
 14    3   -0.761659005361E-06    0.637209384553E-06  
 14    4   -0.404614233788E-06   -0.209047351059E-05 
 14    5   -0.101029223161E-05   -0.118334410103E-06 
 14    6   -0.187034932650E-05    0.186877542315E-05 
 14    7   -0.426964214114E-06    0.786359537906E-06
 14    8    0.830933166583E-06    0.538125501132E-06 
 14    9    0.987359036145E-09   -0.723093780107E-06 
 14   10   -0.955434467225E-06   -0.218909696934E-06 
 14   11   -0.201158416268E-05    0.119122229350E-05 
 14   12   -0.136567916072E-05    0.166877614261E-07 
 14   13   -0.411012692873E-06   -0.939299060865E-06
 14   14   -0.995923031514E-07    0.898382107227E-06
 15    0    0.311425907628E-07    0.000000000000E+00 
 15    1   -0.944574909191E-06    0.659995428577E-07  
 15    2    0.699727106315E-06    0.456925439155E-06  
 15    3   -0.136019536974E-06    0.529447478797E-06  
 15    4   -0.115465280277E-05   -0.157987969072E-05  
 15    5   -0.205191760429E-06   -0.970755240115E-06  
 15    6   -0.731607824651E-06    0.328903389513E-07 
 15    7    0.133828032363E-05    0.180233223103E-05
 15    8    0.875364199001E-06    0.147666903236E-05 
 15    9   -0.179216538225E-06   -0.117796440639E-05 
 15   10   -0.445228945579E-06   -0.419495054914E-06 
 15   11   -0.113581888417E-05   -0.430281229787E-06
 15   12   -0.146875761530E-05   -0.133727199467E-06
 15   13   -0.197142078056E-06   -0.723058003113E-07
 15   14    0.905313023860E-06    0.527707765025E-06 
 15   15   -0.660781269128E-07    0.866453492245E-06 
 16    0    0.369032499220E-06    0.000000000000E+00 
 16    1    0.210252366085E-06    0.593852530821E-06 
 16    2    0.839451439224E-06    0.395069517803E-06 
 16    3   -0.823198805738E-06    0.243128123092E-06 
 16    4    0.782470611901E-06   -0.821683239361E-07 
 16    5    0.975774061752E-06   -0.540979024943E-06 
 16    6    0.414931455796E-06   -0.115323551436E-05 
 16    7   -0.193223255014E-06   -0.192643142616E-06 
 16    8    0.268734195684E-06    0.189365998950E-06 
 16    9   -0.516659516276E-06    0.341749794276E-06  
 16   10    0.186522482886E-06    0.148232741146E-06 
 16   11    0.296345031264E-06    0.125605170872E-05  
 16   12   -0.149962095886E-05   -0.280435114904E-07 
 16   13   -0.466732516348E-06   -0.187308262593E-06  
 16   14   -0.106461615811E-05    0.165010065209E-06 
 16   15   -0.587470214956E-06   -0.122270591318E-05 
 16   16   -0.202115636162E-06   -0.919255005838E-06 
 17    0   -0.554559945549E-06    0.000000000000E+00 
 17    1    0.964623121715E-06   -0.108906191899E-06 
 17    2   -0.255904913701E-06   -0.504260612352E-06  
 17    3    0.565918868665E-06   -0.141926633573E-06  
 17    4    0.102677850221E-05    0.151394647514E-05 
 17    5   -0.767941728450E-08   -0.102198150810E-05
 17    6    0.196687054935E-06   -0.912908645441E-06  
 17    7   -0.133158342607E-05   -0.131156322082E-05  
 17    8   -0.400697091527E-06   -0.659152571203E-06 
 17    9    0.377397230401E-06    0.101238642011E-05 
 17   10    0.528736005114E-06   -0.237887378210E-06  
 17   11    0.100522656583E-05   -0.344512106509E-06 
 17   12    0.227640129364E-06   -0.266200429342E-07  
 17   13    0.971458188922E-07    0.143822855775E-06 
 17   14    0.687522776454E-06    0.232125897883E-07  
 17   15    0.455096016870E-06   -0.135663943904E-08 
 17   16    0.124137579671E-06   -0.201315685395E-07 
 17   17   -0.101043594904E-05    0.157659306461E-05
 18    0   -0.463480844436E-06    0.000000000000E+00
 18    1    0.637156922673E-07    0.130349509491E-06 
 18    2   -0.836413545501E-06   -0.905555086554E-07 
 18    3    0.155428731137E-06   -0.101258878338E-06
 18    4   -0.620287123366E-06    0.718581708438E-06 
 18    5   -0.740153307856E-07    0.406399883742E-06 
 18    6   -0.964033343873E-06    0.286178605267E-06 
 18    7   -0.110515506606E-07   -0.773256609654E-07 
 18    8    0.196077587846E-06    0.261282451465E-07 
 18    9    0.779528929753E-06   -0.268700403965E-06 
 18   10    0.183208128738E-06   -0.408407495187E-06 
 18   11   -0.109931761361E-07   -0.929831357158E-06
 18   12    0.673611561707E-06    0.665884964131E-06 
 18   13   -0.811536037782E-06   -0.671599474659E-07 
 18   14    0.892240238608E-08   -0.815596990776E-06 
 18   15   -0.292978528049E-07   -0.477950172677E-06 
 18   16    0.447712630547E-06   -0.971947263373E-06 
 18   17    0.866432279245E-06   -0.426350743484E-06
 18   18    0.275046882768E-06   -0.440854669277E-06
