    2      0  -8.7450547081842009E-04   0.0000000000000000E+00             
    2      1   1.3938449166781359E-10   1.7044280642328221E-10             
    2      2  -8.4177519807822603E-05   4.9605348841412452E-05             
    3      0  -1.1886910646015641E-05   0.0000000000000000E+00             
    3      1   3.9053442315700724E-06   2.5139324037413419E-05             
    3      2  -1.5863411026265399E-05   8.4857987158792132E-06             
    3      3   3.5338541142774030E-05   2.5113984262622799E-05             
    4      0   5.1257987175465586E-06   0.0000000000000000E+00              
    4      1   4.2271575054702128E-06   3.7413215027228718E-06             
    4      2  -1.0253884110275679E-06  -8.9622951629187374E-06             
    4      3   6.4461288728918093E-06  -2.7297790313231990E-07             
    4      4   9.6384334824044650E-08  -1.2861361694339760E-05             
    5      0  -1.7242068505338999E-06   0.0000000000000000E+00             
    5      1   4.9155252614409601E-07   2.1179750719200639E-06             
    5      2  -4.3015486989529303E-06  -1.1283599363068411E-06             
    5      3   3.3106878341316730E-06   2.3024139448590119E-07             
    5      4  -4.6889658986047850E-06  -3.2997722093047299E-06             
    5      5  -4.3640801168293771E-06   3.8656154098344251E-06             
    6      0   1.3448267510621481E-06   0.0000000000000000E+00             
    6      1   1.7926701548423649E-06  -1.5234122376020040E-06             
    6      2   8.7185360387643135E-07   1.4592318487313359E-06             
    6      3   9.5816746766165918E-07   3.2022418522315923E-07             
    6      4   1.0503162831989909E-06   2.6170003356585492E-06             
    6      5   1.6880399538737750E-06   1.5853762547290531E-06             
    6      6   2.7768427868541821E-06   7.5170270469872722E-07             
    7      0   1.0566966079621890E-06   0.0000000000000000E+00             
    7      1   1.3714218129129991E-06  -2.3256794873473699E-07             
    7      2   2.8033764459323890E-06  -6.5173659805380695E-07             
    7      3   8.7336552189929800E-07  -4.0675705536590699E-07             
    7      4   2.4566369021535799E-06  -4.6224291975934719E-07             
    7      5  -2.1930690076858139E-07  -1.3515575270662830E-06             
    7      6  -6.0515930653241116E-07  -1.8832018842058270E-06             
    7      7   3.8833580001392989E-07  -1.7838625631807321E-06             
    8      0   1.4442117457414669E-07   0.0000000000000000E+00             
    8      1  -1.2904533441152021E-07   7.4942490031393760E-07             
    8      2   1.8100214820539061E-06   4.9096335865112556E-07             
    8      3  -1.2207784549871089E-06  -1.3230871310063700E-06             
    8      4   1.5866931019861380E-06   1.2166283194289211E-07            
    8      5  -2.8183735255990001E-06  -1.5681467772892050E-06            
    8      6  -9.5599877920939645E-07  -1.7626582142154601E-06             
    8      7  -4.2471893831892682E-07   1.6540404534478641E-06             
    8      8  -3.1783805703279631E-07  -2.3919729926160170E-07            
    9      0  -2.8745593244289322E-07   0.0000000000000000E+00            
    9      1   4.1743298827892820E-07  -4.9042273171692781E-07             
    9      2   1.1385495484935660E-06   3.7160680928003798E-07             
    9      3  -1.0035199183447020E-06  -9.9277210221517757E-07             
    9      4   3.2079095125258889E-07   1.6143044902574391E-06             
    9      5  -2.2970171000700119E-06  -1.4984195288745289E-06             
    9      6   8.2020744110463016E-07   5.5634131644082519E-07             
    9      7  -5.9128904319118457E-07   8.8413812925584658E-07             
    9      8   1.1992792300607110E-06  -1.8558235185992101E-07             
    9      9  -1.1923241516342979E-06  -6.1225374183571644E-07             
   10      0   7.2586970184033398E-07   0.0000000000000000E+00             
   10      1   9.2212003081492357E-07   2.1871853125250699E-07             
   10      2  -2.1698263972956060E-09  -1.1128765713995101E-06             
   10      3  -2.9275595477379353E-07   4.4574364384326100E-07             
   10      4  -1.2112906007513811E-06  -4.9501526389811057E-08             
   10      5   3.9839975982150670E-07  -1.0683891523420349E-06             
   10      6   6.9499178396903159E-07   1.0970214333048109E-06             
   10      7   2.9911814611399940E-07  -6.2740746269725919E-07             
   10      8   5.6556749448508493E-07   7.9979384590180545E-07             
   10      9  -1.5064865665416510E-06  -1.4044666157341789E-06             
   10     10  -2.4277051735088178E-07   7.6193623951414320E-07             
   11      0  -2.6649003866535410E-07   0.0000000000000000E+00             
   11      1  -8.1519392894443437E-07  -2.1751302948038430E-07             
   11      2  -3.2104320936602609E-07  -9.8790735061236510E-07             
   11      3  -1.2892409568787179E-06   7.7876627497924496E-07            
   11      4  -1.5791909175600400E-06  -6.1657941677816327E-07             
   11      5   1.3703809961827519E-06   8.6845829243624667E-07            
   11      6  -2.4320602261743078E-07   2.6287975442268369E-08             
   11      7   6.3312547465221262E-07  -8.8124580630580818E-07             
   11      8  -1.1526216305062039E-06   8.0289109851342910E-07             
   11      9  -4.2887218833226868E-07  -4.0266826541827498E-07             
   11     10   4.1248741283895690E-07   1.9449054488648321E-06             
   11     11  -5.9129125196024682E-08  -3.2013461955227138E-07             
   12      0   2.5901010973447811E-07   0.0000000000000000E+00             
   12      1  -1.1232760242154771E-06  -4.6597501385511642E-08             
   12      2  -9.3180509514092405E-08   5.3208625826598304E-07             
   12      3  -1.4328437159904669E-06   3.3094328849604699E-07             
   12      4  -9.8989762948794809E-08   1.2477384606767650E-07             
   12      5   7.3841719085192487E-07   9.8313706759767646E-07             
   12      6  -4.4199660810539768E-07  -1.6138324546284839E-06             
   12      7   3.9950015269219688E-07  -1.2420962147609649E-07             
   12      8  -1.6103036177638721E-06  -3.3390142111388809E-07             
   12      9   7.2319162327703644E-07   4.4834612822914618E-07             
   12     10   5.4275397597080196E-07   1.3521153280272900E-06             
   12     11   7.8624501327329339E-07  -1.6864131081620689E-06             
   12     12  -1.0856558755016089E-08  -8.8551160240718884E-08             
   13      0  -4.8952404831803390E-07   0.0000000000000000E+00             
   13      1  -5.6648398354796893E-07   2.2788663120968919E-07             
   13      2   1.9841104168070469E-07   8.4834357183256708E-07             
   13      3   2.1767220813221301E-07   1.7831477048833361E-07             
   13      4   1.8222961512093351E-07   6.8437925412020000E-07             
   13      5  -2.1635837716555661E-09  -4.0358226801550021E-07             
   13      6   2.0889697822006498E-08  -9.2963519094536122E-07             
   13      7  -7.5633516483173801E-07   4.1816002573524902E-07             
   13      8  -2.3166748437483840E-07   1.2030332905113710E-09             
   13      9   1.1327419797014090E-06   7.6091981962187019E-07            
   13     10  -1.8420690773034191E-07  -6.3834053349287647E-07             
   13     11   7.2152491396419184E-07  -8.5419916802722339E-07             
   13     12  -1.4713308304428070E-06  -3.5633994441531591E-07             
   13     13   4.7249117577621590E-07   8.4684144373715813E-07             
   14      0   3.0219271864045722E-07   0.0000000000000000E+00             
   14      1   7.5309548515849434E-07   3.0659939197390379E-07             
   14      2   4.4431057610504009E-07  -5.2539256378857698E-07             
   14      3   4.2086425064021988E-07  -3.1613141949167798E-07              
   14      4   2.1086607659015601E-07  -9.6126046924893883E-07             
   14      5  -4.7256009813144700E-07  -9.5209040368264479E-07             
   14      6  -6.8240005934222495E-08  -8.1255730199729201E-08             
   14      7  -4.3833797637763461E-07   2.5344830630813670E-07             
   14      8   8.2760862524879536E-07   3.4542413026249739E-07             
   14      9   2.5206510270110481E-07   1.1412035615165890E-06             
   14     10  -4.0006125111822032E-08  -1.5805411521501649E-06             
   14     11  -9.1756400631668835E-07   2.0181206830551511E-07           
   14     12  -4.6098789395114132E-07  -2.8123541924842100E-07       
   14     13   8.6159647817875325E-07   2.0166474791487490E-06          
   14     14   4.0566294949909653E-09  -7.4397446155337985E-07        
   15      0   4.9338119977619251E-07   0.0000000000000000E+00            
   15      1   2.3504085774446549E-07   2.5814277194372382E-07             
   15      2  -3.5877664452026991E-07  -7.7775370918244422E-07            
   15      3  -5.6235428831306517E-07  -2.9119276531665789E-07           
   15      4  -7.3107741433901826E-07  -8.2291945418793019E-07            
   15      5  -9.4418999262905104E-07  -4.5309344036893439E-07             
   15      6  -4.6569424928889101E-08   6.3181043403389908E-07              
   15      7   9.3252509300585759E-07   3.3367910077558299E-07             
   15      8   1.1713557431122270E-06   4.3397393082264647E-07              
   15      9  -3.1361197239010152E-07  -3.6130776998697968E-07             
   15     10  -1.6617979177073590E-07  -1.4989148710418020E-07            
   15     11  -7.4449581533426630E-07   6.0499732095853779E-07           
   15     12   1.0125729414718300E-06   7.0744643143345193E-07            
   15     13   2.1632945779220320E-07   6.9692452639138542E-07            
   15     14   1.4287311615973200E-07  -1.3675794263071820E-06           
   15     15  -3.2983911020273521E-07   1.4679301357791700E-07                
   16      0   6.2492272251973242E-07   0.0000000000000000E+00             
   16      1  -2.3576455388861381E-07  -5.5301461123008231E-07               
   16      2  -4.8128515175366109E-07  -8.3798338110112221E-08            
   16      3  -5.2884584512722868E-07   4.3179535117818742E-07               
   16      4  -7.7524880882120419E-07  -4.1236194296459131E-08             
   16      5  -3.3156669814606880E-07   5.9447709629048816E-07              
   16      6   1.4873519233098461E-07   2.1995105650212950E-07            
   16      7   3.9540191879011490E-07   2.9924170216304151E-07             
   16      8   2.4726774880144362E-07   3.8194759694030728E-07             
   16      9  -3.9083254186985018E-07  -9.2091247731411718E-07               
   16     10  -4.9887892959809643E-07   3.6222033033373808E-07              
   16     11  -8.0503692776153824E-08  -3.0833185246732417E-07              
   16     12   4.4116504364058009E-07   6.4720068684209609E-07             
   16     13  -9.6676684214209105E-08  -5.9086298237427453E-07               
   16     14  -2.2346863154783541E-07  -9.2646534797515104E-07             
   16     15  -8.3320558932387890E-07   3.7522848734954839E-07            
   16     16   2.1693483565260650E-07   1.0572655635748210E-07            
   17      0  -5.4709542986930998E-08   0.0000000000000000E+00              
   17      1  -3.7399137381517438E-07  -6.3489366161239067E-07            
   17      2  -2.0004915070624970E-07   1.4769821786575250E-07             
   17      3  -4.4054829757514781E-08   1.9182219078222199E-07           
   17      4   4.5617658067346931E-07  -1.7248528799716611E-08             
   17      5   7.0352057270776358E-07   2.9716758199903928E-07          
   17      6   6.2735688086993120E-07  -3.2424361898797991E-07              
   17      7   3.3067607545801760E-07  -2.4963319407555199E-07            
   17      8  -3.7638667604706180E-07  -1.9171388957514899E-07            
   17      9  -2.0630975795240439E-07  -3.2050677363791618E-07            
   17     10  -5.5645632584498266E-07   2.8962148266298910E-07           
   17     11   3.5243509929602669E-07   3.5354260317607713E-08            
   17     12   2.0025673973076780E-07  -1.3079093383117499E-08           
   17     13  -4.8612342952491358E-07  -7.7483339436755765E-07              
   17     14  -3.8008064670123599E-07  -4.4794294782534088E-07           
   17     15  -3.3804523377146830E-07   4.2775478707706719E-07             
   17     16   1.1049431287614231E-06   4.9309080047218621E-07             
   17     17   7.4847480457838662E-08   2.8783514545524541E-07            
   18      0  -3.1250064729225039E-07   0.0000000000000000E+00            
   18      1  -1.8296324000412531E-07  -5.7769470567911306E-07             
   18      2  -1.0412207107656000E-07   4.5344370424782177E-08              
   18      3  -2.9939186240254088E-07  -4.5784264171329838E-07             
   18      4   8.7501712948002529E-07   1.1649861097786980E-07            
   18      5   1.9313905997574150E-07  -6.2249966128910834E-07               
   18      6   2.0688943917981149E-07  -6.8437607860474299E-07             
   18      7  -2.0217971073446040E-07  -1.6356127281011639E-07            
   18      8   5.2056773524533092E-08  -2.6360703691128459E-07           
   18      9   7.7969026722603824E-08   2.2552919560177530E-07             
   18     10   6.6329434317302129E-07  -9.4810465055948729E-08             
   18     11   2.6059961095133892E-07  -3.1345741040837309E-07              
   18     12   6.8911605863124401E-08  -1.0399482958457250E-07              
   18     13  -3.1271776039499141E-07  -2.5122404024047290E-07              
   18     14  -3.5413778761107888E-07   2.1245035795232279E-07            
   18     15   4.0427231994548502E-07   7.2717527650255237E-07              
   18     16   4.2540458121371041E-07   1.9491720533030481E-07            
   18     17  -6.6185211446951153E-09  -1.1055839853856400E-06             
   18     18   4.9076799412949712E-07   3.0810258604566902E-07            
