   igrf20
   13  6371.2 2020.0
    1     0    -29404.80         0.00
    1     1     -1450.90      4652.50
    2     0     -2499.60         0.00
    2     1      2982.00     -2991.60
    2     2      1677.00      -734.60
    3     0      1363.20         0.00
    3     1     -2381.20       -82.10
    3     2      1236.20       241.90
    3     3       525.70      -543.40
    4     0       903.00         0.00
    4     1       809.50       281.90
    4     2        86.30      -158.40
    4     3      -309.40       199.70
    4     4        48.00      -349.70
    5     0      -234.30         0.00
    5     1       363.20        47.70
    5     2       187.80       208.30
    5     3      -140.70      -121.20
    5     4      -151.20        32.30
    5     5        13.50        98.90
    6     0        66.00         0.00
    6     1        65.50       -19.10
    6     2        72.90        25.10
    6     3      -121.50        52.80
    6     4       -36.20       -64.50
    6     5        13.50         8.90
    6     6       -64.70        68.10
    7     0        80.60         0.00
    7     1       -76.70       -51.50
    7     2        -8.20       -16.90
    7     3        56.50         2.20
    7     4        15.80        23.50
    7     5         6.40        -2.20
    7     6        -7.20       -27.20
    7     7         9.80        -1.80
    8     0        23.70         0.00
    8     1         9.70         8.40
    8     2       -17.60       -15.30
    8     3        -0.50        12.80
    8     4       -21.10       -11.70
    8     5        15.30        14.90
    8     6        13.70         3.60
    8     7       -16.50        -6.90
    8     8        -0.30         2.80
    9     0         5.00         0.00
    9     1         8.40       -23.40
    9     2         2.90        11.00
    9     3        -1.50         9.80
    9     4        -1.10        -5.10
    9     5       -13.20        -6.30
    9     6         1.10         7.80
    9     7         8.80         0.40
    9     8        -9.30        -1.40
    9     9       -11.90         9.60
   10     0        -1.90         0.00
   10     1        -6.20         3.40
   10     2        -0.10        -0.20
   10     3         1.70         3.60
   10     4        -0.90         4.80
   10     5         0.70        -8.60
   10     6        -0.90        -0.10
   10     7         1.90        -4.30
   10     8         1.40        -3.40
   10     9        -2.40        -0.10
   10    10        -3.80        -8.80
   11     0         3.00         0.00
   11     1        -1.40         0.00
   11     2        -2.50         2.50
   11     3         2.30        -0.60
   11     4        -0.90        -0.40
   11     5         0.30         0.60
   11     6        -0.70        -0.20
   11     7        -0.10        -1.70
   11     8         1.40        -1.60
   11     9        -0.60        -3.00
   11    10         0.20        -2.00
   11    11         3.10        -2.60
   12     0        -2.00         0.00
   12     1        -0.10        -1.20
   12     2         0.50         0.50
   12     3         1.30         1.40
   12     4        -1.20        -1.80
   12     5         0.70         0.10
   12     6         0.30         0.80
   12     7         0.50        -0.20
   12     8        -0.30         0.60
   12     9        -0.50         0.20
   12    10         0.10        -0.90
   12    11        -1.10         0.00
   12    12        -0.30         0.50
   13     0         0.10         0.00
   13     1        -0.90        -0.90
   13     2         0.50         0.60
   13     3         0.70         1.40
   13     4        -0.30        -0.40
   13     5         0.80        -1.30
   13     6         0.00        -0.10
   13     7         0.80         0.30
   13     8         0.00        -0.10
   13     9         0.40         0.50
   13    10         0.10         0.50
   13    11         0.50        -0.40
   13    12        -0.50        -0.40
   13    13        -0.40        -0.60
