   igrf15
   13  6371.2 2015.0
    1     0    -29442.00         0.00
    1     1     -1501.00      4797.10
    2     0     -2445.10         0.00
    2     1      3012.90     -2845.60
    2     2      1676.70      -641.90
    3     0      1350.70         0.00
    3     1     -2352.30      -115.30
    3     2      1225.60       244.90
    3     3       582.00      -538.40
    4     0       907.60         0.00
    4     1       813.70       283.30
    4     2       120.40      -188.70
    4     3      -334.90       180.90
    4     4        70.40      -329.50
    5     0      -232.60         0.00
    5     1       360.10        47.30
    5     2       192.40       197.00
    5     3      -140.90      -119.30
    5     4      -157.50        16.00
    5     5         4.10       100.20
    6     0        70.00         0.00
    6     1        67.70       -20.80
    6     2        72.70        33.20
    6     3      -129.90        58.90
    6     4       -28.90       -66.70
    6     5        13.20         7.30
    6     6       -70.90        62.60
    7     0        81.60         0.00
    7     1       -76.10       -54.10
    7     2        -6.80       -19.50
    7     3        51.80         5.70
    7     4        15.00        24.40
    7     5         9.40         3.40
    7     6        -2.80       -27.40
    7     7         6.80        -2.20
    8     0        24.20         0.00
    8     1         8.80        10.10
    8     2       -16.90       -18.30
    8     3        -3.20        13.30
    8     4       -20.60       -14.60
    8     5        13.40        16.20
    8     6        11.70         5.70
    8     7       -15.90        -9.10
    8     8        -2.00         2.10
    9     0         5.40         0.00
    9     1         8.80       -21.60
    9     2         3.10        10.80
    9     3        -3.30        11.80
    9     4         0.70        -6.80
    9     5       -13.30        -6.90
    9     6        -0.10         7.80
    9     7         8.70         1.00
    9     8        -9.10        -4.00
    9     9       -10.50         8.40
   10     0        -1.90         0.00
   10     1        -6.30         3.20
   10     2         0.10        -0.40
   10     3         0.50         4.60
   10     4        -0.50         4.40
   10     5         1.80        -7.90
   10     6        -0.70        -0.60
   10     7         2.10        -4.20
   10     8         2.40        -2.80
   10     9        -1.80        -1.20
   10    10        -3.60        -8.70
   11     0         3.10         0.00
   11     1        -1.50        -0.10
   11     2        -2.30         2.00
   11     3         2.00        -0.70
   11     4        -0.80        -1.10
   11     5         0.60         0.80
   11     6        -0.70        -0.20
   11     7         0.20        -2.20
   11     8         1.70        -1.40
   11     9        -0.20        -2.50
   11    10         0.40        -2.00
   11    11         3.50        -2.40
   12     0        -1.90         0.00
   12     1        -0.20        -1.10
   12     2         0.40         0.40
   12     3         1.20         1.90
   12     4        -0.80        -2.20
   12     5         0.90         0.30
   12     6         0.10         0.70
   12     7         0.50        -0.10
   12     8        -0.30         0.30
   12     9        -0.40         0.20
   12    10         0.20        -0.90
   12    11        -0.90        -0.10
   12    12         0.00         0.70
   13     0         0.00         0.00
   13     1        -0.90        -0.90
   13     2         0.40         0.40
   13     3         0.50         1.60
   13     4        -0.50        -0.50
   13     5         1.00        -1.20
   13     6        -0.20        -0.10
   13     7         0.80         0.40
   13     8        -0.10        -0.10
   13     9         0.30         0.40
   13    10         0.10         0.50
   13    11         0.50        -0.30
   13    12        -0.40        -0.40
   13    13        -0.30        -0.80
