   igrf05
   13  6371.2 2005.0
    1     0    -29554.63         0.00
    1     1     -1669.05      5077.99
    2     0     -2337.24         0.00
    2     1      3047.69     -2594.50
    2     2      1657.76      -515.43
    3     0      1336.30         0.00
    3     1     -2305.83      -198.86
    3     2      1246.39       269.72
    3     3       672.51      -524.72
    4     0       920.55         0.00
    4     1       797.96       282.07
    4     2       210.65      -225.23
    4     3      -379.86       145.15
    4     4       100.00      -305.36
    5     0      -227.00         0.00
    5     1       354.41        42.72
    5     2       208.95       180.25
    5     3      -136.54      -123.45
    5     4      -168.05       -19.57
    5     5       -13.55       103.85
    6     0        73.60         0.00
    6     1        69.56       -20.33
    6     2        76.74        54.75
    6     3      -151.34        63.63
    6     4       -14.58       -63.53
    6     5        14.58         0.24
    6     6       -86.36        50.94
    7     0        79.88         0.00
    7     1       -74.46       -61.14
    7     2        -1.65       -22.57
    7     3        38.73         6.82
    7     4        12.30        25.35
    7     5         9.37        10.93
    7     6         5.42       -26.32
    7     7         1.94        -4.64
    8     0        24.80         0.00
    8     1         7.62        11.20
    8     2       -11.73       -20.88
    8     3        -6.88         9.83
    8     4       -18.11       -19.71
    8     5        10.17        16.22
    8     6         9.36         7.61
    8     7       -11.25       -12.76
    8     8        -4.87        -0.06
    9     0         5.58         0.00
    9     1         9.76       -20.11
    9     2         3.58        12.69
    9     3        -6.94        12.67
    9     4         5.01        -6.72
    9     5       -10.76        -8.16
    9     6        -1.25         8.10
    9     7         8.76         2.92
    9     8        -6.66        -7.73
    9     9        -9.22         6.01
   10     0        -2.17         0.00
   10     1        -6.12         2.19
   10     2         1.42         0.10
   10     3        -2.35         4.46
   10     4        -0.15         4.76
   10     5         3.06        -6.58
   10     6         0.29        -1.01
   10     7         2.06        -3.47
   10     8         3.77        -0.86
   10     9        -0.21        -2.31
   10    10        -2.09        -7.93
   11     0         2.95         0.00
   11     1        -1.60         0.26
   11     2        -1.88         1.44
   11     3         1.44        -0.77
   11     4        -0.31        -2.27
   11     5         0.29         0.90
   11     6        -0.79        -0.58
   11     7         0.53        -2.69
   11     8         1.80        -1.08
   11     9         0.16        -1.58
   11    10         0.96        -1.90
   11    11         3.99        -1.39
   12     0        -2.15         0.00
   12     1        -0.29        -0.55
   12     2         0.21         0.23
   12     3         0.89         2.38
   12     4        -0.38        -2.63
   12     5         0.96         0.61
   12     6        -0.30         0.40
   12     7         0.46         0.01
   12     8        -0.35         0.02
   12     9        -0.36         0.28
   12    10         0.08        -0.87
   12    11        -0.49        -0.34
   12    12        -0.08         0.88
   13     0        -0.16         0.00
   13     1        -0.88        -0.76
   13     2         0.30         0.33
   13     3         0.28         1.72
   13     4        -0.43        -0.54
   13     5         1.18        -1.07
   13     6        -0.37        -0.04
   13     7         0.75         0.63
   13     8        -0.26         0.21
   13     9         0.35         0.53
   13    10        -0.05         0.38
   13    11         0.41        -0.22
   13    12        -0.10        -0.57
   13    13        -0.18        -0.82
