          TOO00.500-9.896      4.426     -8.874      0.500     -9.896
          RX_J0019.8+2156      4.958     21.948     13.522     18.122
             PSR_J0023+09      5.825      9.375      9.069      6.294
         TOO11.777+11.709      6.112     15.408     11.777     11.709
         TOO11.868+10.321      6.774     14.174     11.868     10.321
          IGR_J00291+5934      7.263     59.572     38.647     49.964
           PSR_J0030+0451      7.614      4.861      8.910      1.446
           1E_0035.4-7230      9.332    -72.237    312.078    -63.306
        1FGL_J0101.0-6423     15.262    -64.390    328.623    -60.763
        1FGL_J0103.1+4840     15.796     48.672     36.116     38.131
           1E_0102.2-7219     16.008    -72.031    314.637    -65.036
          TOO17.084-7.531     18.623     -0.252     17.084     -7.531
                  SMC_X-1     19.272    -73.443    312.362    -66.470
             PSR_B0114+58     19.411     59.244     45.903     46.124
               ESO_113-45     20.941    -58.806    340.592    -59.144
               4U_0142+61     26.593     61.751     52.158     46.380
           PSR_J0205+6449     31.408     64.829     57.204     47.918
           PSR_J0218+4232     34.526     42.538     47.049     27.012
               LSI_61+303     40.132     61.229     59.840     42.908
        1FGL_J0308.6+7442     47.154     74.712     72.277     53.912
             PKS_0312-770     47.975    -76.864    303.201    -73.869
          TOO55.994-3.448     54.516     15.901     55.994     -3.448
        1FGL_J0340.4+4130     55.108     41.507     62.621     21.327
         TOO67.134+30.440     57.572     51.336     67.134     30.440
         TOO63.477+10.569     59.119     31.209     63.477     10.569
           PSR_J0357+3205     59.468     32.089     63.959     11.369
             PSR_B0355+54     59.724     54.220     69.442     32.921
            SGR_0418+5729     64.641     57.540     73.592     35.536
           PSR_J0437-4715     69.316    -47.252     50.468    -67.873
         TOO65.163-35.470     69.375    -13.792     65.163    -35.470
               KT_Eridani     71.976    -10.179     68.880    -32.306
         TOO52.843-75.494     75.091    -53.981     52.843    -75.494
            SGR_0501+4516     75.278     45.276     78.847     22.405
                    N132D     81.258    -69.649    312.550    -85.517
                 HD_35850     81.767    -11.901     80.143    -35.059
                   AB_Dor     82.183    -65.449     15.683    -86.635
             PSR_B0531+21     83.633     22.014     84.097     -1.294
           PSR_J0537-6910     84.448    -69.172    306.149    -86.657
         TOO87.116+45.037     84.452     68.421     87.116     45.037
           PSR_J0538+2817     84.604     28.286     85.233      4.936
         TOO83.144-41.613     84.606    -18.302     83.144    -41.613
             PKS_0537-441     84.708    -44.086     80.097    -67.343
             PSR_B0540-69     85.046    -69.332    301.593    -86.665
                   CAL_83     85.890    -68.376    309.059    -87.598
         TOO84.284-57.144     86.273    -33.779     84.284    -57.144
           PSR_J0609+2130     92.495     21.501     92.323     -1.918
        1FGL_J0614.1-3328     93.543    -33.498     95.411    -56.871
           HESS_J0632+057     98.247      5.800     98.601    -17.393
             PSR_B0633+17     98.476     17.770     98.105     -5.431
        TOO112.186-71.185    100.604    -48.561    112.186    -71.185
             PSR_B0656+14    104.951     14.239    104.643     -8.443
        TOO113.696-56.423    105.600    -34.260    113.696    -56.423
          RX_J0720.4-3125    110.104    -31.431    119.063    -52.861
        TOO111.216-13.425    110.849      8.492    111.216    -13.425
           PSR_J0726-2612    111.534    -26.211    119.168    -47.493
        TOO131.948-61.413    115.328    -41.611    131.948    -61.413
             EXO_0748-676    117.141    -67.752    198.872    -79.483
           PSR_J0751+1807    117.788     18.127    116.334     -2.808
                 NGC_2516    119.579    -60.854    170.274    -75.882
          RX_J0806.3+1527    121.597     15.458    120.444     -4.704
        TOO144.367-59.319    124.000    -42.129    144.367    -59.319
           PSR_J0821-4300    125.489    -43.005    147.067    -59.613
                 Puppis_A    126.029    -42.996    147.752    -59.424
             PSR_B0823+26    126.714     26.623    122.598      7.243
             PSR_B0833-45    128.836    -45.176    153.370    -60.362
        TOO122.917+15.723    129.544     34.754    122.917     15.723
          RX_J0852.0-4622    133.006    -46.298    159.522    -59.799
          RX_J0925.7-4758    141.442    -47.971    170.522    -57.942
            XTE_J0929-314    142.334    -31.384    158.115    -43.259
         TOO145.596-2.051    147.155     11.056    145.596     -2.051
             PSR_B0950+08    148.289      7.927    147.707     -4.621
                      M82    148.967     69.680    118.979     52.109
           1E_0953.8+6918    149.471     69.064    119.772     51.694
           PSR_J1001-5939    150.384    -59.655    194.577    -63.011
        TOO140.041+22.106    150.840     35.588    140.041     22.106
           PSR_J1012+5307    153.139     53.117    133.361     38.755
           PSR_J1022-5746    155.762    -57.769    195.580    -59.677
                 NGC_3227    155.878     19.865    150.390      9.141
   FIRST_J102347.6+003841    155.949      0.645    157.492     -8.730
           PSR_J1024-0719    156.161     -7.322    160.734    -16.045
           PSR_J1028-5819    157.167    -58.292    197.344    -59.504
        TOO160.001-10.431    157.616     -1.852    160.001    -10.431
           PSR_J1038+0032    159.612      0.545    160.964     -7.460
        TOO167.796-22.299    159.931    -15.684    167.796    -22.299
             PSR_B1046-58    162.051    -58.535    201.109    -57.840
           1E_1048.1-5937    162.530    -59.889    203.283    -58.603
             PSR_B1055-52    164.495    -52.449    195.773    -52.391
             PSR_J1103-53    165.888    -54.062    198.529    -53.108
           PSR_J1105-6107    166.359    -61.131    207.464    -58.077
                 NGC_3516    166.698     72.569    123.363     57.987
           PSR_J1107-5907    166.894    -59.122    205.145    -56.484
           PSR_J1119-6127    169.810    -61.464    210.041    -57.102
                  Cen_X-3    170.316    -60.623    209.260    -56.339
           PSR_J1124-5916    171.163    -59.272    208.129    -55.074
                 NGC_3783    174.757    -37.739    192.679    -36.178
        1FGL_J1142.7+0127    175.675      1.452    175.455     -0.386
                 NGC_4051    180.790     44.531    159.258     40.341
           1E_1207.4-5209    182.503    -52.440    209.156    -45.784
                 NGC_4151    182.636     39.406    164.097     36.624
                 NGC_4253    184.610     29.813    171.207     28.939
                    M_106    184.740     47.304    160.378     44.155
                 NGC_4395    186.454     33.547    170.818     32.975
                  Cyg_X-1    187.275      2.052    185.867      4.772
        1FGL_J1231.1-1410    187.797    -14.195    192.800     -9.944
                 NGC_4861    194.748     34.907    177.395     37.450
        1FGL_J1301.8+0837    195.458      8.625    190.820     14.029
    1RXS_J130205.2+155122    195.522     15.860    187.831     20.679
        1FGL_J1302.3-3255    195.592    -32.918    207.626    -24.133
             PSR_J1302-32    195.603    -32.983    207.666    -24.187
             PSR_B1259-63    195.698    -63.836    227.698    -50.897
          RX_J1308.8+2127    197.201     21.452    186.866     26.425
        TOO234.377-54.691    197.548    -69.324    234.377    -54.691
        1FGL_J1312.6+0048    198.150      0.810    196.428      7.867
        TOO175.598+49.618    201.724     45.944    175.598     49.618
               ESO_383-35    203.974    -34.295    215.180    -22.547
        TOO195.461+34.770    208.382     25.856    195.461     34.770
                 NGC_5408    210.837    -41.378    223.707    -26.967
           PSR_J1412+7922    213.233     79.368    117.365     70.382
        TOO245.393-54.675    213.239    -73.270    245.393    -54.675
                 NGC_5506    213.312     -3.208    212.196      9.601
                 NGC_5548    214.498     25.137    202.001     36.419
           PSR_J1420-6048    215.034    -60.805    236.532    -43.594
           PSR_J1425-5723    216.402    -57.392    235.389    -40.215
                  Cen_X-4    224.591    -31.669    231.319    -14.123
        TOO223.928+12.870    225.284     -3.708    223.928     12.870
             PSR_B1509-58    228.481    -59.136    243.891    -39.402
        1FGL_J1514.1-4945    228.533    -49.760    240.228    -30.518
                  Cir_X-1    230.167    -57.167    244.131    -37.250
                 NGC_5927    232.003    -50.673    243.006    -30.734
        1FGL_J1549.7-0659    237.433     -6.993    236.782     12.770
           1E_1547.0-5408    237.725    -54.307    248.117    -33.293
            XTE_J1550-564    237.745    -56.476    248.806    -35.386
        1FGL_J1604.7-4443    241.129    -44.692    248.032    -23.430
    1RXS_J160518.8+324907    241.329     32.819    228.821     52.238
        TOO253.665-41.805    241.809    -63.654    253.665    -41.805
           PSR_J1617-5055    244.372    -50.920    251.819    -29.086
                  Sco_X-1    244.979    -15.640    245.837      5.725
        TOO240.826+38.252    246.380     17.175    240.826     38.252
        1FGL_J1627.8-3204    246.950    -32.077    250.300    -10.200
              SGR_1627-41    248.966    -47.590    254.472    -25.278
          IGR_J16358-4726    248.974    -47.428    254.450    -25.117
               4U_1636-53    250.231    -53.751    256.473    -31.236
     CXO_J164710.2-455216    251.792    -45.871    256.298    -23.294
        TOO255.082-13.182    252.023    -35.695    255.082    -13.182
        TOO242.959+63.568    254.300     41.595    242.959     63.568
        1FGL_J1658.8-5317    254.708    -53.288    259.467    -30.407
            XTE_J1701-407    255.435    -40.858    258.464    -18.000
              MXB_1659-29    255.527    -29.946    257.394     -7.137
                 GX_339-4    255.706    -48.790    259.585    -25.866
           RXS_J1708-4009    257.204    -40.153    259.795    -17.166
      RX_J170930.2-263927    257.376    -26.658    258.713     -3.712
             PSR_B1706-44    257.428    -44.486    260.395    -21.465
           HESS_J1713-381    258.524    -38.176    260.677    -15.107
           PSR_J1718-3825    259.557    -38.422    261.534    -15.289
                   GX_1+4    263.008    -24.745    263.651     -1.460
     XMM_J173203.3-344518    263.014    -34.755    264.148    -11.458
    1RXS_J173253.6-371200    263.223    -37.200    264.444    -13.891
              KS_1731-260    263.556    -26.088    264.208     -2.779
                 NGC_6388    264.073    -44.735    265.482    -21.389
           PSR_J1740+1000    265.108     10.002    264.230     33.343
           PSR_J1744-1134    266.123    -11.582    266.119     11.805
        1FGL_J1745.5+1018    266.375     10.310    265.712     33.695
   Swift_J174535.5-285921    266.398    -28.989    266.835     -5.589
        2FGL_J1747.4-4036    266.878    -40.608    267.519    -17.195
                 Terzan_5    267.020    -24.779    267.294     -1.368
         TOO267.430+4.103    267.284    -19.312    267.430      4.103
       Swift_J1749.4-2807    267.383    -28.135    267.685     -4.717
            XTE_J1751-305    267.806    -30.623    268.097     -7.198
        TOO268.584-30.556    267.926    -53.985    268.584    -30.556
       Swift_J1756.9-2508    269.238    -25.107    269.310     -1.670
             PSR_B1757-24    270.250    -24.858    270.227     -1.419
             PSR_B1800-21    270.964    -21.619    270.897      1.818
         SAX_J1806.5-2215    271.636    -22.238    271.515      1.193
            XTE_J1807-294    271.749    -29.408    271.532     -5.978
         SAX_J1808.4-3658    272.115    -36.979    271.738    -13.552
              SGR_1806-20    272.164    -20.411    272.031      3.013
           PSR_J1809-2332    272.484    -23.550    272.277     -0.130
             PSR_J1810+17    272.646     17.742    273.348     41.151
           PSR_J1811-1926    272.872    -19.424    272.715      3.988
     CXO_J181335.1-174957    273.397    -17.833    273.249      5.568
            XTE_J1814-338    273.413    -33.773    272.883    -10.368
        TOO281.986+79.651    273.863     56.373    281.986     79.651
          RRAT_J1819-1458    274.892    -14.968    274.777      8.390
       SWIFT_J1822.3-1606    275.575    -16.074    275.400      7.261
             PSR_B1821-24    276.133    -24.870    275.565     -1.549
             PSR_B1823-13    276.555    -13.580    276.464      9.713
                  LS_5039    276.562    -14.848    276.412      8.445
           PSR_J1832+0032    278.212      0.491    278.972     23.675
       Swift_J1834.9-0846    278.717     -8.766    278.896     14.405
                 NGC_6652    278.940    -32.990    277.601     -9.786
                     Vega    279.233     38.784    285.314     61.733
              Serpens_X-1    279.990      5.036    281.295     28.084
            RRAT_J1840-14    280.137    -14.318    279.936      8.772
                   KES_73    280.329     -4.937    280.833     18.115
           PSR_J1846-0258    281.604     -2.975    282.341     19.969
        TOO278.355-32.588    282.536    -55.664    278.355    -32.588
           PSR_J1852+0040    283.161      0.672    284.370     23.457
        TOO279.944-23.422    283.285    -46.404    279.944    -23.422
             PSR_B1853+01    284.044      1.223    285.391     23.915
          RX_J1856.4-3754    284.154    -37.909    281.524    -15.034
           PSR_J1856+0245    284.212      2.764    285.755     25.429
        TOO280.901-22.214    284.364    -45.111    280.901    -22.214
        1FGL_J1858.1-2218    284.533    -22.313    283.424      0.451
        TOO290.176+49.631    284.548     27.206    290.176     49.631
            XTE_J1901+014    285.418      1.440    286.911     23.979
        1FGL_J1902.0-5110    285.521    -51.170    280.988    -28.321
              SGR_1900+14    286.809      9.322    289.581     31.626
                  Aql_X-1    287.817      0.585    289.389     22.833
          RX_J1914.4+2456    288.609     24.945    294.995     46.783
                V1487_Aql    288.798     10.946    292.149     32.951
         TOO288.164+0.602    289.590    -21.610    288.164      0.602
         TOO288.161-2.070    289.978    -24.259    288.161     -2.070
             PSR_B1929+10    293.058     10.992    297.053     32.291
        TOO299.554+40.245    293.492     19.186    299.554     40.245
             PSR_B1937+21    294.911     21.583    301.973     42.297
             PSR_B1951+32    298.243     32.878    310.649     52.406
                V1357_Cyg    299.590     35.202    313.674     54.246
           PSR_J1958+2846    299.696     28.768    310.570     48.111
             PSR_B1957+20    299.903     20.804    307.736     40.406
                   WZ_SGE    301.901     17.704    309.028     36.921
             PSR_J2017+06    304.345      6.052    308.262     25.045
        TOO317.604+48.361    304.713     30.496    317.604     48.361
           PSR_J2021+3651    305.272     36.852    322.015     54.108
        1FGL_J2030.0+3641    307.500     36.683    324.666     53.242
        TOO309.775+12.543    308.873     -5.691    309.775     12.543
        1FGL_J2043.2+1709    310.821     17.163    318.840     33.943
        SPT-CL_J2106-5844    316.500    -58.733    299.413    -39.950
         TOO319.133+7.061    319.338     -8.367    319.133      7.061
           PSR_J2124-3358    321.183    -33.979    312.739    -17.819
        1FGL_J2129.8-0427    322.462     -4.460    323.347      9.804
               4U_2129+47    322.859     47.290    351.226     56.832
          RX_J2143.0+0654    325.764      6.905    330.486     19.419
        TOO347.427+45.885    327.996     36.757    347.427     45.885
        TOO325.100-10.330    331.117    -22.856    325.100    -10.330
        TOO350.432+44.452    331.172     36.536    350.432     44.452
        1FGL_J2214.8+3002    333.662     30.011    348.809     37.713
             PSR_J2215+41    333.885     51.593      6.222     55.866
           PSR_J2229+6114    337.271     61.237     21.867     61.430
        1FGL_J2234.8+0944    338.712      9.742    344.135     17.312
           PSR_J2235+1506    338.932     15.114    346.596     22.165
         TOO339.878+6.165    339.098     -2.150    339.878      6.165
        1FGL_J2241.9-5236    340.430    -52.651    318.673    -40.431
                UGC_12163    340.664     29.725    355.355     34.702
         TOO339.792-7.370    344.204    -14.712    339.792     -7.370
             PSR_J2256-10    344.233    -10.409    341.480     -3.409
              1E_2259+586    345.286     58.878     23.761     56.893
        1FGL_J2302.8+4443    345.708     44.733      9.813     45.683
                    Cas_A    350.854     58.810     27.376     54.846
        TOO357.426+16.723    350.861     14.294    357.426     16.723
             PSR_B2334+61    354.274     61.850     33.231     55.862

