     516
 0.873268  0.031974  0.486189   2.060
 0.512384  0.020530  0.858511   2.280
 0.697234  0.028646 -0.716271   3.880
 0.963483  0.055705  0.261913   2.830
 0.984616  0.083667 -0.153398   3.550
 0.219234  0.024737 -0.975359   2.820
 0.718488  0.082507 -0.690628   3.950
 0.734702  0.084632 -0.673090   2.400
 0.581589  0.094643  0.807958   3.680
 0.845806  0.146582  0.512957   3.270
 0.542803  0.096950  0.834245   2.250
 0.933977  0.179811 -0.308795   2.050
 0.520472  0.113255  0.846334   3.450
 0.474230  0.119798  0.872212   2.180
 0.758742  0.191827  0.622506   3.870
 0.657280  0.194958 -0.727993   3.320
 0.544868  0.167584 -0.821605   3.980
 0.940500  0.290189 -0.176780   3.460
 0.775554  0.243535  0.582415   2.080
 0.924038  0.354813 -0.142340   3.610
 0.462042  0.181575  0.868071   2.680
 0.674141  0.273622 -0.686050   3.440
 0.603856  0.253998 -0.755541   3.940
 0.888532  0.374798  0.264644   3.630
 0.492722  0.223805 -0.840914   0.540
 0.601441  0.274069  0.750437   3.590
 0.864121  0.421778 -0.274588   3.490
 0.869707  0.459809 -0.179404   3.730
 0.765944  0.411909  0.493621   3.420
 0.830381  0.448659  0.330413   3.880
 0.389424  0.212311  0.896255   3.350
 0.820248  0.448329  0.355238   2.660
 0.543217  0.300980 -0.783790   3.720
 0.413575  0.235827 -0.879398   2.860
 0.860527  0.507117  0.048219   3.820
 0.860523  0.507125  0.048218   3.820
 0.259261  0.154911  0.953303   3.950
 0.633856  0.380480  0.673396   2.170
 0.779681  0.483298  0.398148   2.020
 0.691848  0.438822  0.573395   3.020
 0.515175  0.349160 -0.782740   3.550
 0.010127  0.007899  0.999918   2.000
 0.755502  0.652711  0.056446   3.470
 0.655433  0.600508  0.458037   3.620
 0.412241  0.380061  0.828016   3.760
 0.438470  0.417031  0.796134   3.940
 0.709401  0.687623 -0.154678   3.900
 0.543326  0.535144 -0.646852   3.220
 0.698256  0.712286  0.071319   2.550
 0.411647  0.429248  0.803924   2.940
 0.538184  0.563062  0.627151   3.410
 0.514650  0.552710  0.655475   2.110
 0.480048  0.521574  0.705346   3.790
 0.585091  0.650240 -0.484621   3.800
 0.598494  0.710210 -0.370685   3.740
 0.404980  0.501552  0.764485   1.810
 0.618795  0.769717  0.156932   3.610
 0.609612  0.774464  0.169052   3.730
 0.590430  0.790183 -0.164329   3.730
 0.378320  0.555247  0.740659   3.020
 0.553770  0.815218 -0.169580   3.530
 0.237724  0.353104 -0.904878   3.840
 0.471750  0.701502  0.534179   3.860
 0.507502  0.758640  0.408543   3.710
 0.408576  0.612599  0.676600   3.780
 0.503342  0.759220  0.412592   3.880
 0.148694  0.227312 -0.962403   3.260
 0.498865  0.764417  0.408412   2.870
 0.493455  0.768358  0.407588   3.630
 0.443248  0.724251  0.528196   2.880
 0.389160  0.659699  0.642924   2.910
 0.493390  0.837856 -0.233590   2.960
 0.485654  0.846974  0.216275   3.420
 0.485362  0.868065  0.104343   3.900
 0.330046  0.661983 -0.672940   3.860
 0.205445  0.413978 -0.886800   3.340
 0.358101  0.749884 -0.556272   3.560
 0.407782  0.872437  0.269384   3.650
 0.391865  0.869248  0.301413   3.760
 0.337011  0.757268 -0.559437   3.960
 0.373445  0.885953  0.275003   3.840
 0.366700  0.870396  0.328544   3.540
 0.373276  0.886498  0.273470   3.410
 0.209989  0.533064 -0.819602   3.260
 0.310158  0.803278 -0.508476   3.810
 0.343904  0.894973  0.284171   0.990
 0.356457  0.932480 -0.058478   3.930
 0.338636  0.907901 -0.247067   3.870
 0.299149  0.946478  0.121198   3.190
 0.294269  0.950719  0.097672   3.680
 0.282706  0.958261  0.042585   3.710
 0.227242  0.805654  0.547068   2.680
 0.180739  0.698473  0.692437   3.030
 0.187224  0.730221  0.657057   3.760
 0.217990  0.898678 -0.380603   3.180
 0.173912  0.731633  0.659142   3.170
 0.224701  0.970386 -0.088659   2.790
 0.195831  0.940087 -0.279083   3.290
 0.195052  0.970363 -0.142657   0.280
 0.130500  0.682316  0.719315   0.080
 0.182613  0.975936 -0.119174   3.600
 0.154244  0.987147 -0.041826   3.390
 0.150628  0.982385  0.110596   1.660
 0.128659  0.868442  0.478806   1.680
 0.129146  0.926116 -0.354445   2.840
 0.102029  0.807998 -0.580284   3.870
 0.121839  0.992536 -0.005220   2.230
 0.113009  0.945279 -0.306066   2.590
 0.053040  0.458851 -0.886929   3.760
 0.106645  0.979216  0.172516   3.390
 0.106420  0.988976 -0.102964   2.780
 0.103579  0.994400 -0.020976   1.720
 0.090833  0.928252  0.360690   3.000
 0.092509  0.994678 -0.045364   3.800
 0.073456  0.825050 -0.560265   2.660
 0.083809  0.995905 -0.033898   1.740
 0.062607  0.922101 -0.381851   3.600
 0.054993  0.965160 -0.255816   3.550
 0.034847  0.627451 -0.777876   3.860
 0.052638  0.984386 -0.167966   2.060
 0.031997  0.810756 -0.584509   3.110
 0.035372  0.933665 -0.356397   3.780
 0.028790  0.774978  0.631332   3.970
 0.020890  0.991435  0.128918   0.570
 0.015209  0.969464 -0.244761   3.720
 0.002731  0.733545 -0.679635   3.940
 0.001204  0.583757  0.811927   3.730
 0.001455  0.707754  0.706458   1.900
 0.000969  0.796397  0.604774   2.650
-0.064386  0.991922 -0.109297   3.980
-0.059929  0.921888  0.382793   3.300
-0.076609  0.862075 -0.500957   3.020
-0.080396  0.830616 -0.551011   3.850
-0.094068  0.946632 -0.308285   1.960
-0.092394  0.919157  0.382902   2.900
-0.063223  0.602742 -0.795428  -0.630
-0.150465  0.931987 -0.329788   3.950
-0.157143  0.946360  0.282329   2.020
-0.119573  0.719144 -0.684495   3.180
-0.172483  0.888756  0.424691   3.010
-0.187455  0.939218 -0.287630  -1.440
-0.191377  0.955807  0.223175   3.340
-0.098180  0.460014 -0.882467   3.250
-0.181955  0.823449 -0.537424   3.530
-0.137166  0.619531 -0.772895   2.940
-0.189359  0.807511  0.558632   3.610
-0.213470  0.886905 -0.409672   3.840
-0.221358  0.846388 -0.484383   1.530
-0.235056  0.851638 -0.468467   3.470
-0.248388  0.880355 -0.404077   3.040
-0.263359  0.856175 -0.444529   1.840
-0.098642  0.318918 -0.942635   3.760
-0.123471  0.354408 -0.926903   3.970
-0.263433  0.752852 -0.603173   2.710
-0.320360  0.903504  0.284691   3.580
-0.317623  0.871206  0.374320   3.540
-0.312850  0.813992 -0.489430   2.460
-0.323224  0.823430  0.466357   3.790
-0.367290  0.918865  0.144172   2.890
-0.276241  0.673290 -0.685837   3.260
-0.340599  0.777772  0.528265   1.580
-0.340612  0.777764  0.528268   2.880
-0.418111  0.903820  0.091067   0.400
-0.421617  0.891463 -0.165928   3.940
-0.128486  0.269919 -0.954272   3.950
-0.382916  0.786768 -0.484120   3.980
-0.400822  0.817749  0.413073   3.570
-0.349464  0.706660 -0.615229   3.620
-0.391513  0.791160  0.469875   1.220
-0.416482  0.806106 -0.420399   3.330
-0.357221  0.670301 -0.650453   3.720
-0.293672  0.525580 -0.798450   3.460
-0.393332  0.657313 -0.642830   2.220
-0.481415  0.773847 -0.411583   2.830
-0.362956  0.572300 -0.735348   1.790
-0.553861  0.817163  0.159632   3.520
-0.295572  0.412417 -0.861713   1.950
-0.592252  0.802867 -0.068127   3.890
-0.240263  0.325479 -0.914515   3.770
-0.298196  0.387690  0.872224   3.360
-0.524828  0.624899 -0.577977   3.970
-0.388129  0.461355 -0.797814   3.600
-0.442689  0.524658 -0.727159   3.810
-0.547928  0.632588 -0.547364   3.690
-0.625542  0.715274  0.311577   3.930
-0.380363  0.434854 -0.816227   1.940
-0.460011  0.519823 -0.719843   3.900
-0.660980  0.742029  0.111795   3.400
-0.339070  0.354051 -0.871596   3.840
-0.689027  0.717295  0.103584   3.120
-0.471126  0.474395  0.743633   3.140
-0.528741  0.525798  0.666310   3.970
-0.488377  0.473165  0.733214   3.580
-0.490009  0.472558 -0.732516   3.750
-0.531088  0.495265 -0.687501   2.210
-0.381559  0.346681 -0.856870   3.430
-0.344270  0.311950 -0.885531   3.960
-0.258825  0.230605 -0.937993   1.670
-0.749396  0.660889  0.040381   3.890
-0.387182  0.333352 -0.859631   2.250
-0.610771  0.517770  0.599060   3.820
-0.634565  0.527504  0.564860   3.130
-0.442649  0.364523 -0.819259   2.480
-0.777933  0.610046 -0.150547   1.990
-0.604981  0.461289 -0.649007   3.590
-0.433452  0.328942 -0.838997   3.160
-0.361243  0.273383  0.891496   3.650
-0.496618  0.371324  0.784531   3.180
-0.818629  0.573977 -0.019944   3.900
-0.809800  0.560990  0.171797   3.530
-0.384104  0.256052 -0.887075   3.690
-0.762795  0.505595  0.403134   2.970
-0.352580  0.230937 -0.906838   3.010
-0.435079  0.274543  0.857515   3.780
-0.763758  0.473718  0.438480   3.880
-0.498054  0.296716 -0.814802   3.540
-0.844116  0.451983  0.288408   3.520
-0.864502  0.457866  0.207352   1.410
-0.867626  0.448832 -0.213953   3.610
-0.305354  0.152682 -0.939919   3.300
-0.664849  0.328820 -0.670711   3.840
-0.825972  0.399779  0.397425   3.440
-0.432166  0.208260 -0.877417   3.370
-0.659780  0.317898  0.680905   3.440
-0.852457  0.397632  0.339419   2.230
-0.852469  0.397617  0.339407   3.470
-0.681971  0.309610  0.662614   3.050
-0.803296  0.363202  0.472018   0.000
-0.251515  0.111463 -0.961414   3.990
-0.877902  0.381311 -0.289638   3.820
-0.477572  0.203015 -0.854816   3.830
-0.439795  0.177634 -0.880356   3.370
-0.916282  0.366435  0.161717   3.850
-0.623297  0.235206 -0.745774   3.840
-0.407983  0.142561 -0.901791   2.740
-0.617580  0.204336 -0.759501   2.720
-0.915404  0.290274 -0.278885   3.110
-0.792172  0.237242  0.562298   3.790
-0.495608  0.147996 -0.855845   3.790
-0.535916  0.138993  0.832751   2.350
-0.459108  0.115048  0.880899   1.820
-0.502498  0.114649 -0.856943   3.920
-0.696134  0.155402  0.700890   3.000
-0.917814  0.186280  0.350595   2.560
-0.944807  0.191193  0.266054   3.330
-0.838224  0.154666  0.522934   3.790
-0.824062  0.150950  0.546019   3.490
-0.951742  0.170642 -0.255084   3.570
-0.572444  0.098346 -0.814024   3.890
-0.971006  0.154121  0.182742   3.960
-0.350223  0.043927  0.935636   3.810
-0.843476  0.099825 -0.527810   3.540
-0.451151  0.047853 -0.891164   3.120
-0.394306  0.024796 -0.918645   3.630
-0.670742  0.040877  0.740563   3.700
-0.966729  0.046183  0.251597   2.130
-0.998702  0.040569  0.030795   3.600
-0.591872  0.015936  0.805874   2.430
-0.632657 -0.023083 -0.774088   2.580
-0.922177 -0.040766 -0.384614   3.010
-0.609792 -0.031029 -0.791954   3.960
-0.517657 -0.034259 -0.854902   2.790
-0.542929 -0.036599  0.838980   3.300
-0.951230 -0.065708 -0.301404   2.590
-0.996163 -0.086741 -0.011638   3.890
-0.491781 -0.045968 -0.869505   3.590
-0.449405 -0.052392 -0.891790   1.280
-0.449396 -0.052409 -0.891794   1.580
-0.634917 -0.078070 -0.768626   3.910
-0.950615 -0.124578 -0.284274   2.970
-0.537968 -0.073611 -0.839745   1.650
-0.303735 -0.043318 -0.951771   3.840
-0.341810 -0.050295  0.938422   3.890
-0.907466 -0.137190 -0.397096   2.660
-0.351481 -0.057531 -0.934426   2.690
-0.653141 -0.108428 -0.749433   3.850
-0.645843 -0.118294 -0.754250   2.180
-0.983211 -0.180713 -0.025295   3.500
-0.983209 -0.180722 -0.025294   3.480
-0.365280 -0.074782 -0.927889   3.080
-0.493795 -0.104331 -0.863297   1.310
-0.544291 -0.130746  0.828645   1.760
-0.969007 -0.239820  0.059262   3.420
-0.761249 -0.189899  0.620031   2.890
-0.945854 -0.263094  0.190109   2.840
-0.304885 -0.084941 -0.948594   3.610
-0.865359 -0.310361 -0.393485   3.000
-0.752585 -0.276141 -0.597797   2.760
-0.536542 -0.205760  0.818404   2.220
-0.536578 -0.205809  0.818369   3.860
-0.914080 -0.356353 -0.193572   1.060
-0.712483 -0.298931 -0.634829   3.900
-0.915800 -0.401499 -0.010399   3.380
-0.539643 -0.251318 -0.803508   2.280
-0.581460 -0.294802  0.758285   1.860
-0.663147 -0.343392 -0.665070   3.400
-0.654817 -0.339484 -0.675252   3.470
-0.832543 -0.455260  0.315611   2.680
-0.593921 -0.327659 -0.734777   2.530
-0.645343 -0.366126 -0.670436   3.820
-0.616503 -0.351216 -0.704679   3.860
-0.423938 -0.254283 -0.869262   0.640
-0.370317 -0.223366  0.901650   3.650
-0.761084 -0.468092 -0.449044   3.260
-0.685294 -0.422761 -0.592997   2.080
-0.783787 -0.526987  0.328577   0.160
-0.569467 -0.396541 -0.720044   3.550
-0.680263 -0.530667  0.505604   3.570
-0.618178 -0.483312  0.619892   3.040
-0.577099 -0.465274 -0.671175   2.340
-0.373855 -0.312549 -0.873238   1.350
-0.373861 -0.312619 -0.873211  -0.010
-0.741022 -0.628145  0.237320   3.780
-0.741020 -0.628148  0.237318   3.780
-0.514951 -0.439535 -0.735958   2.290
-0.321052 -0.275435 -0.906124   3.180
-0.753703 -0.649778 -0.098594   3.870
-0.669485 -0.587055  0.455144   2.500
-0.747828 -0.663070  0.033031   3.730
-0.141306 -0.127078 -0.981776   3.810
-0.200728 -0.185073  0.962006   2.060
-0.706074 -0.651994 -0.276338   2.750
-0.519311 -0.512701 -0.683706   2.680
-0.526538 -0.522698 -0.670481   3.130
-0.533972 -0.543118  0.647994   3.480
-0.627922 -0.650632 -0.427073   3.280
-0.470905 -0.492421 -0.731963   3.910
-0.441435 -0.489982 -0.751700   3.860
-0.410476 -0.457021 -0.789076   3.410
-0.549613 -0.629493  0.549239   3.470
-0.644004 -0.747449 -0.163032   2.610
-0.235030 -0.277406 -0.931561   2.880
-0.199642 -0.239466  0.950157   3.030
-0.484215 -0.584131 -0.651404   3.220
-0.513413 -0.621748 -0.591470   3.560
-0.450573 -0.549910 -0.703266   3.380
-0.322816 -0.401967  0.856862   3.300
-0.538432 -0.688102  0.486422   3.660
-0.529172 -0.719641  0.449548   2.220
-0.444763 -0.607362 -0.658253   2.780
-0.569927 -0.781038 -0.255269   3.920
-0.515138 -0.715731 -0.471552   3.600
-0.502001 -0.708059 -0.496637   3.660
-0.505397 -0.740488  0.443003   3.820
-0.554717 -0.824479  0.111913   2.630
-0.531406 -0.804296  0.265923   3.660
-0.537732 -0.840990 -0.059833   3.550
-0.532662 -0.842719  0.078072   3.710
-0.444445 -0.704123 -0.553786   3.960
-0.231799 -0.382529 -0.894394   2.840
-0.494284 -0.826322  0.269955   3.850
-0.446635 -0.749867 -0.488074   3.880
-0.452850 -0.775362 -0.440160   2.890
-0.391503 -0.678938 -0.621103   3.430
-0.460369 -0.800068 -0.384645   2.300
-0.450963 -0.825729 -0.338827   2.620
-0.443548 -0.823818 -0.352972   3.950
-0.443923 -0.893745 -0.064433   2.730
-0.195305 -0.397953 -0.896376   3.850
-0.427806 -0.900161 -0.081808   3.240
-0.292617 -0.625668  0.723128   3.900
-0.376910 -0.819353 -0.431972   2.910
-0.392037 -0.859454  0.328094   3.740
-0.194006 -0.435700  0.878935   2.730
-0.344816 -0.826412 -0.445135   1.070
-0.355255 -0.859997  0.366333   2.780
-0.378770 -0.924843  0.034619   3.900
-0.071006 -0.179002 -0.981283   3.870
-0.316205 -0.822482 -0.472797   2.830
-0.347645 -0.919517 -0.183387   2.580
-0.286804 -0.801960  0.524026   2.850
-0.256832 -0.734384  0.628265   3.480
-0.109614 -0.340718 -0.933754   1.910
-0.155147 -0.490465 -0.857539   3.760
-0.247870 -0.788105 -0.563428   2.290
-0.230668 -0.752961 -0.616313   3.000
-0.229233 -0.753735 -0.615903   3.560
-0.208058 -0.709014 -0.673804   3.610
-0.265045 -0.950377  0.162896   3.190
-0.148017 -0.539395 -0.828941   3.110
-0.220975 -0.828878  0.513937   3.910
-0.091142 -0.401055  0.911509   3.180
-0.206788 -0.940100 -0.271019   2.430
-0.150987 -0.712682 -0.685046   3.320
-0.190430 -0.949722  0.248526   3.370
-0.176919 -0.890078  0.420073   3.130
-0.156034 -0.785284  0.599152   3.140
-0.149547 -0.893888 -0.422611   3.260
-0.085366 -0.559501 -0.824422   2.820
-0.083291 -0.547415 -0.832706   3.320
-0.078673 -0.606426  0.791238   2.800
-0.101206 -0.789054 -0.605930   2.680
-0.061582 -0.485740 -0.871931   3.600
-0.078980 -0.639584 -0.764653   2.850
-0.091637 -0.792262 -0.603261   1.630
-0.106539 -0.970237  0.217462   2.090
-0.072263 -0.727801 -0.681971   1.860
-0.094136 -0.959495 -0.265532   3.540
-0.062152 -0.691793  0.719417   3.810
-0.059299 -0.774550 -0.629727   2.390
-0.071823 -0.994234  0.079630   2.770
-0.026563 -0.426154 -0.904261   3.590
-0.052273 -0.883681  0.465162   3.420
-0.041401 -0.763496 -0.644484   3.010
-0.052745 -0.997490  0.047233   3.750
-0.035310 -0.797399 -0.602418   3.190
-0.015429 -0.546284  0.837458   3.740
-0.013013 -0.795890  0.605301   3.840
-0.009220 -0.622598  0.782487   2.230
-0.008510 -0.872473  0.488589   3.700
-0.004186 -0.985477 -0.169756   3.320
 0.002812 -0.998687  0.051143   3.980
 0.021851 -0.862024 -0.506396   3.630
 0.018560 -0.641295 -0.767070   3.670
 0.031618 -0.985594  0.166147   3.720
 0.028845 -0.876147  0.481180   3.840
 0.056010 -0.931530 -0.359326   3.840
 0.061557 -0.798763 -0.598488   3.130
 0.079357 -0.863884 -0.497400   2.700
 0.027233 -0.295576  0.954931   3.570
 0.092730 -0.994406 -0.050572   3.250
 0.095857 -0.923721  0.370878   3.850
 0.086880 -0.820679 -0.564745   1.810
 0.081615 -0.690246 -0.718957   3.490
 0.109954 -0.896455 -0.429277   2.830
 0.151435 -0.978012 -0.143390   3.850
 0.125096 -0.769413  0.626382   0.030
 0.176344 -0.873456 -0.453847   3.170
 0.181056 -0.815346  0.549937   3.520
 0.214097 -0.870572 -0.443020   2.070
 0.232518 -0.903471 -0.360105   3.530
 0.214075 -0.813927  0.540087   3.250
 0.233944 -0.834913 -0.498187   2.610
 0.258690 -0.892115 -0.370420   3.770
 0.273345 -0.931595  0.239609   2.990
 0.284022 -0.955032 -0.085114   3.440
 0.255015 -0.848124 -0.464385   3.320
 0.279771 -0.890519 -0.358753   2.900
 0.118325 -0.361189  0.924955   3.080
 0.196968 -0.563218  0.802489   3.800
 0.332081 -0.892072 -0.306480   3.930
 0.271682 -0.708807 -0.650985   3.960
 0.363925 -0.929842  0.054336   3.370
 0.236289 -0.572528  0.785098   3.770
 0.340583 -0.814974  0.468850   3.080
 0.365907 -0.782399 -0.503948   0.000
 0.311960 -0.632770  0.708719   2.910
 0.439561 -0.879127  0.184179   2.710
 0.428185 -0.845940  0.317872   3.830
 0.153504 -0.300708  0.941282   3.840
 0.459221 -0.874842  0.154164   0.930
 0.471219 -0.881841  0.017551   3.870
 0.479175 -0.870597  0.111586   3.720
 0.397683 -0.715185  0.574769   3.900
 0.466909 -0.818935  0.333678   3.510
 0.147590 -0.254114 -0.955847   3.950
 0.215083 -0.341788 -0.914833   3.550
 0.542037 -0.840233 -0.014337   3.250
 0.377320 -0.572063  0.728267   3.810
 0.553074 -0.804320 -0.217204   3.580
 0.558084 -0.789589 -0.255131   3.090
 0.443786 -0.620856  0.646213   2.230
 0.325588 -0.441425 -0.836143   1.920
 0.614082 -0.747935  0.251986   3.630
 0.430443 -0.524183 -0.734814   3.110
 0.616994 -0.737667  0.274162   3.780
 0.455649 -0.536182  0.710558   1.330
 0.265987 -0.303411 -0.914982   3.420
 0.311629 -0.354440  0.881623   3.420
 0.550102 -0.620623  0.558762   2.490
 0.658925 -0.733895 -0.164975   3.770
 0.361473 -0.378227 -0.852222   3.650
 0.525700 -0.538829  0.658258   3.940
 0.520107 -0.498194  0.693752   3.710
 0.644463 -0.575526  0.503426   3.200
 0.591619 -0.519789  0.616285   3.740
 0.751044 -0.653886  0.091464   3.940
 0.350864 -0.298135  0.887699   2.470
 0.725170 -0.573388 -0.381253   3.750
 0.262845 -0.204141  0.942995   3.230
 0.793709 -0.600501 -0.097082   2.890
 0.562476 -0.416283  0.714373   3.990
 0.784975 -0.549181 -0.286730   3.680
 0.179635 -0.124064 -0.975879   3.740
 0.817201 -0.550245  0.171499   2.390
 0.803469 -0.526573 -0.277772   2.850
 0.677538 -0.415486 -0.606888   3.010
 0.878353 -0.477980 -0.005582   2.940
 0.796122 -0.427722  0.428070   3.770
 0.602934 -0.319800 -0.730889   1.770
 0.882226 -0.458281  0.107962   3.530
 0.468303 -0.241568  0.849904   3.340
 0.448213 -0.212584 -0.868282   2.860
 0.909072 -0.415936 -0.024211   3.850
 0.921916 -0.387389 -0.000358   3.659
 0.669320 -0.279744 -0.688298   3.960
 0.591731 -0.241205  0.769204   3.780
 0.925076 -0.330032  0.187919   3.420
 0.644929 -0.226270 -0.729978   2.120
 0.815779 -0.284874  0.503340   2.940
 0.869908 -0.288826  0.399800   3.960
 0.594889 -0.191700 -0.780614   3.490
 0.384692 -0.121883  0.914963   3.500
 0.867147 -0.273397  0.416306   3.510
 0.948723 -0.287274 -0.131903   3.750
 0.923270 -0.270638 -0.272630   3.270
 0.837332 -0.233587 -0.494279   1.230
 0.715713 -0.185359  0.673348   3.640
 0.855851 -0.214283  0.470747   2.470
 0.937098 -0.230343  0.262278   2.490
 0.909904 -0.204027 -0.361176   3.680
 0.687604 -0.151309 -0.710145   3.880
 0.980973 -0.185509  0.057255   3.700
 0.926860 -0.151071 -0.343669   3.960
 0.685586 -0.067331  0.724871   3.870
 0.213316 -0.019275  0.976793   3.220
