      15
 0.492722  0.223805 -0.840914   0.540
 0.343904  0.894973  0.284171   0.990
 0.195052  0.970363 -0.142657   0.280
 0.130500  0.682316  0.719315   0.080
 0.020890  0.991435  0.128918   0.570
-0.063223  0.602742 -0.795428  -0.630
-0.187455  0.939218 -0.287630  -1.440
-0.418111  0.903820  0.091067   0.400
-0.803296  0.363202  0.472018   0.000
-0.423938 -0.254283 -0.869262   0.640
-0.783787 -0.526987  0.328577   0.160
-0.373861 -0.312619 -0.873211  -0.010
 0.125096 -0.769413  0.626382   0.030
 0.365907 -0.782399 -0.503948   0.000
 0.459221 -0.874842  0.154164   0.930
