    1615
 0.223828  0.001558 -0.974627   4.790
 0.994460  0.008506 -0.104773   4.400
 0.954447  0.015576 -0.297975   4.550
 0.983035  0.019313 -0.182399   4.940
 0.994773  0.023164 -0.099452   4.620
 0.873268  0.031974  0.486189   2.060
 0.512384  0.020530  0.858511   2.280
 0.697234  0.028646 -0.716271   3.880
 0.962616  0.047350 -0.266700   4.900
 0.963483  0.055705  0.261913   2.830
 0.936548  0.059754  0.345408   4.800
 0.943970  0.060383 -0.324460   4.460
 0.778461  0.058163  0.624992   4.620
 0.798326  0.063978  0.598817   4.510
 0.984616  0.083667 -0.153398   3.550
 0.422971  0.037137 -0.905382   4.230
 0.219234  0.024737 -0.975359   2.820
 0.718488  0.082507 -0.690628   3.950
 0.734702  0.084632 -0.673090   2.400
 0.832384  0.101940 -0.544744   4.870
 0.652465  0.090004 -0.752455   4.760
 0.450340  0.062379 -0.890675   4.340
 0.450224  0.062389 -0.890733   4.510
 0.574818  0.080204  0.814341   4.740
 0.450342  0.065296  0.890465   4.190
 0.821020  0.133273  0.555125   4.350
 0.581589  0.094643  0.807958   3.680
 0.859659  0.146001  0.489561   4.350
 0.845806  0.146582  0.512957   3.270
 0.542803  0.096950  0.834245   2.250
 0.682345  0.124390 -0.720370   4.600
 0.625228  0.116062  0.771764   4.810
 0.528249  0.101137 -0.843045   4.370
 0.669461  0.128517  0.731646   4.960
 0.933977  0.179811 -0.308795   2.050
 0.964690  0.188347 -0.184115   4.770
 0.652803  0.129037  0.746457   4.480
 0.892261  0.186967  0.410992   4.090
 0.968971  0.208979  0.131998   4.420
 0.615510  0.133173  0.776796   4.910
 0.520472  0.113255  0.846334   3.450
 0.736069  0.162556  0.657098   4.540
 0.973177  0.229190 -0.019970   4.760
 0.470027  0.110828  0.875667   4.800
 0.500673  0.122520  0.856922   4.820
 0.496747  0.125385  0.858791   4.630
 0.474230  0.119798  0.872212   2.180
 0.758742  0.191827  0.622506   3.870
 0.889193  0.226680  0.397431   4.400
 0.843236  0.220456 -0.490257   4.310
 0.953410  0.268636  0.137274   4.280
 0.657280  0.194958 -0.727993   3.320
 0.544868  0.167584 -0.821605   3.980
 0.940500  0.290189 -0.176780   3.460
 0.062365  0.019290  0.997867   4.240
 0.647926  0.202744  0.734225   4.260
 0.775554  0.243535  0.582415   2.080
 0.544151  0.174453  0.820650   4.340
 0.888366  0.286308  0.358932   4.660
 0.823289  0.266156  0.501354   4.520
 0.862678  0.287598  0.416022   4.670
 0.663156  0.225710 -0.713638   4.970
 0.340872  0.116988 -0.932802   4.250
 0.836003  0.302078  0.458092   4.750
 0.655822  0.246312  0.713602   4.870
 0.924038  0.354813 -0.142340   3.610
 0.900964  0.353177 -0.252049   4.910
 0.462042  0.181575  0.868071   2.680
 0.346622  0.136422  0.928032   4.720
 0.651342  0.262024  0.712108   4.830
 0.674141  0.273622 -0.686050   3.440
 0.918265  0.381228  0.107025   4.840
 0.603856  0.253998 -0.755541   3.940
 0.888532  0.374798  0.264644   3.630
 0.469195  0.203844  0.859246   4.690
 0.684137  0.307454  0.661383   4.100
 0.492722  0.223805 -0.840914   0.540
 0.601441  0.274069  0.750437   3.590
 0.687555  0.322734  0.650470   4.970
 0.899509  0.426308  0.095631   4.440
 0.664544  0.316209  0.677048   4.960
 0.899350  0.432466 -0.064362   4.990
 0.569826  0.276879  0.773716   4.040
 0.864121  0.421778 -0.274588   3.490
 0.884689  0.438172  0.159153   4.270
 0.872447  0.452162 -0.185434   4.660
 0.869707  0.459809 -0.179404   3.730
 0.765944  0.411909  0.493621   3.420
 0.830381  0.448659  0.330413   3.880
 0.830370  0.448653  0.330448   4.640
 0.878379  0.474719  0.055604   4.620
 0.607639  0.328706 -0.722999   4.430
 0.389424  0.212311  0.896255   3.350
 0.820248  0.448329  0.355238   2.660
 0.333477  0.182830 -0.924860   4.690
 0.543217  0.300980 -0.783790   3.720
 0.317916  0.176225  0.931598   4.980
 0.806574  0.450179 -0.383115   4.900
 0.590494  0.331261 -0.735923   4.840
 0.797726  0.451004  0.400286   4.770
 0.413575  0.235827 -0.879398   2.860
 0.808072  0.466564 -0.359636   4.000
 0.281871  0.165965  0.944989   4.520
 0.860527  0.507117  0.048219   3.820
 0.860523  0.507125  0.048218   3.820
 0.259261  0.154911  0.953303   3.950
 0.633856  0.380480  0.673396   2.170
 0.633822  0.380508  0.673412   4.840
 0.746569  0.450762 -0.489334   4.700
 0.779681  0.483298  0.398148   2.020
 0.668661  0.419807  0.613721   4.790
 0.759638  0.481255  0.437428   4.980
 0.691848  0.438822  0.573395   3.020
 0.826337  0.541770  0.153792   4.370
 0.598839  0.393446  0.697561   4.830
 0.515175  0.349160 -0.782740   3.550
 0.683350  0.465512  0.562433   4.870
 0.685862  0.468366  0.556980   4.010
 0.819676  0.570467 -0.051946   4.950
 0.296497  0.211000 -0.931434   4.080
 0.514332  0.379280  0.769161   4.720
 0.785560  0.581019 -0.212868   4.880
 0.539240  0.402616 -0.739676   4.250
 0.789532  0.595815  0.147120   4.280
 0.305801  0.232675  0.923227   4.630
 0.010127  0.007899  0.999918   2.000
 0.760056  0.594286 -0.262942   4.740
 0.689877  0.547992 -0.473048   4.970
 0.773789  0.625901  0.097466   4.880
 0.767481  0.641046  0.005734   4.070
 0.750854  0.627610 -0.205729   4.830
 0.284079  0.237505 -0.928919   4.110
 0.561647  0.470443 -0.680614   4.740
 0.586626  0.495155 -0.640852   4.120
 0.580308  0.496720  0.645377   4.900
 0.755502  0.652711  0.056446   3.470
 0.669559  0.579233  0.464952   4.650
 0.732399  0.637352 -0.239528   4.250
 0.492485  0.428865  0.757319   4.110
 0.740319  0.648913  0.175610   4.270
 0.712404  0.625328 -0.318505   4.470
 0.285706  0.251759 -0.924657   4.840
 0.648641  0.583573  0.488577   4.520
 0.624722  0.567907 -0.535914   4.460
 0.655433  0.600508  0.458037   3.620
 0.189628  0.174486 -0.966228   4.740
 0.577096  0.531524  0.620034   4.220
 0.412241  0.380061  0.828016   3.760
 0.685424  0.633814 -0.358433   4.770
 0.599835  0.556981  0.574430   4.550
 0.438470  0.417031  0.796134   3.940
 0.709401  0.687623 -0.154678   3.900
 0.543326  0.535144 -0.646852   3.220
 0.543298  0.535173 -0.646852   4.310
 0.547276  0.541391  0.638267   4.690
 0.310803  0.307557 -0.899339   4.980
 0.580291  0.575557  0.576192   4.940
 0.660888  0.656355  0.363903   4.630
 0.660884  0.656356  0.363909   4.630
 0.699447  0.697710  0.154837   4.710
 0.698256  0.712286  0.071319   2.550
 0.641050  0.654571 -0.400740   4.090
 0.411647  0.429248  0.803924   2.940
 0.538184  0.563062  0.627151   3.410
 0.378663  0.397428  0.835862   4.770
 0.514650  0.552710  0.655475   2.110
 0.439685  0.475928  0.761688   4.050
 0.480048  0.521574  0.705346   3.790
 0.517260  0.570907  0.637580   4.610
 0.630992  0.698513  0.337534   4.350
 0.180068  0.199877  0.963133   4.840
 0.585091  0.650240 -0.484621   3.800
 0.615670  0.701429  0.359092   4.880
 0.648842  0.745315 -0.153326   4.810
 0.598833  0.703431 -0.382863   4.870
 0.534995  0.630456  0.562410   4.820
 0.643804  0.762929  0.058787   4.850
 0.598494  0.710210 -0.370685   3.740
 0.469748  0.559464 -0.682889   4.260
 0.265021  0.315805  0.911060   4.740
 0.560939  0.670515  0.485549   4.460
 0.464058  0.560167  0.686195   4.950
 0.404980  0.501552  0.764485   1.810
 0.618795  0.769717  0.156932   3.610
 0.609612  0.774464  0.169052   3.730
 0.403285  0.516419  0.755429   4.990
 0.306542  0.396150  0.865504   4.260
 0.396707  0.514055  0.760507   4.690
 0.277942  0.360192 -0.890511   4.710
 0.314796  0.409925  0.856075   4.600
 0.406046  0.531926  0.743089   4.340
 0.604243  0.791874 -0.088462   4.740
 0.590360  0.775471  0.223874   4.130
 0.590430  0.790183 -0.164329   3.730
 0.553618  0.746725 -0.368658   4.270
 0.390681  0.540150  0.745390   4.320
 0.584685  0.811230  0.007010   4.300
 0.445501  0.619379 -0.646451   4.590
 0.479904  0.699889 -0.529007   4.980
 0.468639  0.684285  0.558687   4.980
 0.448091  0.657088 -0.606176   4.590
 0.378320  0.555247  0.740659   3.020
 0.553770  0.815218 -0.169580   3.530
 0.237724  0.353104 -0.904878   3.840
 0.471750  0.701502  0.534179   3.860
 0.507502  0.758640  0.408543   3.710
 0.408576  0.612599  0.676600   3.780
 0.504991  0.757261  0.414173   4.300
 0.503342  0.759220  0.412592   3.880
 0.247545  0.374137  0.893724   4.810
 0.539165  0.815690 -0.209646   4.430
 0.503336  0.762815  0.405913   4.170
 0.504277  0.768040 -0.394739   4.220
 0.148694  0.227312 -0.962403   3.260
 0.498865  0.764417  0.408412   2.870
 0.429660  0.665413 -0.610424   4.750
 0.493455  0.768358  0.407588   3.630
 0.435198  0.679547 -0.590609   4.170
 0.223322  0.348935  0.910149   4.420
 0.171556  0.270221  0.947391   4.620
 0.476003  0.774577 -0.416475   4.640
 0.443248  0.724251  0.528196   2.880
 0.520720  0.852170 -0.051547   4.720
 0.230827  0.389624  0.891578   4.950
 0.389160  0.659699  0.642924   2.910
 0.493390  0.837856 -0.233590   2.960
 0.241610  0.413241 -0.877985   4.560
 0.408746  0.700642  0.584831   4.050
 0.456975  0.790904 -0.406995   4.630
 0.485654  0.846974  0.216275   3.420
 0.231923  0.405358 -0.884249   4.510
 0.239419  0.420183 -0.875286   4.960
 0.485362  0.868065  0.104343   3.900
 0.446787  0.811823  0.375932   4.350
 0.303035  0.561529  0.769971   4.280
 0.314168  0.595001  0.739778   4.010
 0.340753  0.660502 -0.669047   4.930
 0.451280  0.884405 -0.119055   4.040
 0.440610  0.883146  0.160981   4.890
 0.330046  0.661983 -0.672940   3.860
 0.437550  0.881389 -0.178051   4.900
 0.205445  0.413978 -0.886800   3.340
 0.336732  0.681990  0.649231   4.700
 0.293859  0.595217  0.747906   4.150
 0.437294  0.889404 -0.133171   4.420
 0.434906  0.887109  0.154579   4.290
 0.272908  0.559708 -0.782463   4.260
 0.222824  0.459315 -0.859871   4.440
 0.405763  0.843688  0.351492   4.920
 0.358101  0.749884 -0.556272   3.560
 0.274410  0.576889  0.769349   4.600
 0.407782  0.872437  0.269384   3.650
 0.374132  0.805570  0.459437   4.950
 0.346674  0.746936  0.567366   4.930
 0.286684  0.625831  0.725361   4.820
 0.391865  0.869248  0.301413   3.760
 0.337011  0.757268 -0.559437   3.960
 0.387666  0.871694  0.299776   4.800
 0.371276  0.847492  0.379357   4.210
 0.381329  0.871685  0.307820   4.310
 0.366420  0.845812  0.387734   4.290
 0.382693  0.883778  0.269227   4.490
 0.383325  0.888004  0.253991   4.690
 0.373217  0.883953  0.281666   4.970
 0.373445  0.885953  0.275003   3.840
 0.366700  0.870396  0.328544   3.540
 0.373276  0.886498  0.273470   3.410
 0.365329  0.888119  0.278891   4.770
 0.375101  0.926984 -0.000768   4.900
 0.319872  0.806971 -0.496466   4.510
 0.354863  0.899131  0.256195   4.650
 0.209989  0.533064 -0.819602   3.260
 0.310158  0.803278 -0.508476   3.810
 0.354133  0.918406  0.176411   4.250
 0.343904  0.894973  0.284171   0.990
 0.356457  0.932480 -0.058478   3.930
 0.267259  0.702552  0.659540   4.250
 0.341262  0.914666  0.216624   4.270
 0.338636  0.907901 -0.247067   3.870
 0.331762  0.902615  0.274261   4.670
 0.320353  0.885470 -0.336627   4.340
 0.252998  0.700443 -0.667362   4.450
 0.306441  0.868311  0.390039   4.270
 0.318847  0.946104 -0.056774   4.020
 0.299149  0.946478  0.121198   3.190
 0.238898  0.756660  0.608599   4.870
 0.294568  0.943024  0.154713   4.360
 0.294269  0.950719  0.097672   3.680
 0.281220  0.927534  0.246164   4.740
 0.232288  0.767355  0.597670   4.780
 0.287331  0.953106 -0.095024   4.380
 0.113881  0.384766  0.915962   4.310
 0.282706  0.958261  0.042585   3.710
 0.275880  0.944897  0.176240   4.660
 0.266491  0.935078  0.233691   4.080
 0.227242  0.805654  0.547068   2.680
 0.159786  0.569281  0.806466   4.460
 0.264813  0.963836  0.029911   4.460
 0.206728  0.761631  0.614151   4.990
 0.252940  0.942814 -0.217077   4.780
 0.237478  0.908869 -0.342872   4.900
 0.250770  0.959958 -0.124882   4.790
 0.180739  0.698473  0.692437   3.030
 0.187224  0.730221  0.657057   3.760
 0.228507  0.901326  0.367962   4.620
 0.120555  0.478343  0.869859   4.030
 0.195592  0.790449 -0.580461   4.570
 0.230907  0.936016  0.265625   4.670
 0.217990  0.898678 -0.380603   3.180
 0.126639  0.522576 -0.843135   4.710
 0.173912  0.731633  0.659142   3.170
 0.143226  0.604442  0.783669   4.980
 0.215360  0.922718  0.319704   4.920
 0.224701  0.970386 -0.088659   2.790
 0.217511  0.964119 -0.152194   4.260
 0.209703  0.940070  0.268873   4.820
 0.202220  0.957499 -0.205678   4.470
 0.195831  0.940087 -0.279083   3.290
 0.197506  0.954378 -0.223953   4.430
 0.202145  0.978083  0.049918   4.480
 0.157972  0.766671  0.622303   4.830
 0.077707  0.379887 -0.921763   4.800
 0.195052  0.970363 -0.142657   0.280
 0.162729  0.825746  0.540058   4.990
 0.130500  0.682316  0.719315   0.080
 0.151282  0.806127 -0.572077   4.820
 0.182613  0.975936 -0.119174   3.600
 0.151557  0.821253  0.550067   4.540
 0.135651  0.752808  0.644111   4.690
 0.163773  0.911963  0.376168   4.950
 0.170852  0.958564 -0.227956   4.280
 0.160056  0.918227 -0.362272   4.740
 0.166066  0.986092 -0.006675   4.720
 0.161151  0.984991  0.061823   4.980
 0.155210  0.978495 -0.135855   4.140
 0.154244  0.987147 -0.041826   3.390
 0.122064  0.785138  0.607173   4.990
 0.153134  0.987680  0.032221   4.890
 0.150628  0.982385  0.110596   1.660
 0.128659  0.868442  0.478806   1.680
 0.143985  0.988105  0.054003   4.610
 0.130560  0.918361  0.373586   4.880
 0.129146  0.926116 -0.354445   2.840
 0.131657  0.991112 -0.019062   4.700
 0.126449  0.986545  0.103628   4.230
 0.102029  0.807998 -0.580284   3.870
 0.121178  0.984461 -0.127091   4.610
 0.121839  0.992536 -0.005220   2.230
 0.114635  0.940842  0.318864   4.360
 0.100466  0.840283  0.532758   4.740
 0.113009  0.945279 -0.306066   2.590
 0.053040  0.458851 -0.886929   3.760
 0.108144  0.980369  0.164868   4.410
 0.108077  0.988628 -0.104564   4.760
 0.106645  0.979216  0.172516   3.390
 0.106810  0.990695 -0.084345   4.600
 0.106420  0.988976 -0.102964   2.780
 0.103579  0.994400 -0.020976   1.720
 0.099275  0.981876  0.161443   4.090
 0.090833  0.928252  0.360690   3.000
 0.092509  0.994678 -0.045364   3.800
 0.091274  0.987879 -0.125555   4.790
 0.090460  0.993303  0.071871   4.540
 0.073456  0.825050 -0.560265   2.660
 0.083809  0.995905 -0.033898   1.740
 0.083806  0.995905 -0.033909   4.210
 0.083465  0.996316 -0.019700   4.940
 0.078153  0.955459  0.284587   4.840
 0.076358  0.996748  0.025734   4.900
 0.062607  0.922101 -0.381851   3.600
 0.027284  0.410042 -0.911658   4.340
 0.054993  0.965160 -0.255816   3.550
 0.034847  0.627451 -0.777876   3.860
 0.052638  0.984386 -0.167966   2.060
 0.043571  0.908428  0.415766   4.890
 0.036603  0.774289  0.631773   4.520
 0.044479  0.974707  0.219017   4.880
 0.024705  0.556231 -0.830661   4.500
 0.031997  0.810756 -0.584509   3.110
 0.031087  0.794807  0.606066   4.730
 0.035372  0.933665 -0.356397   3.780
 0.028790  0.774978  0.631332   3.970
 0.032961  0.998932  0.032373   4.750
 0.024961  0.830596 -0.556315   4.870
 0.025795  0.885729  0.463486   4.560
 0.011648  0.452446 -0.891716   4.650
 0.022988  0.937751  0.346546   4.400
 0.012669  0.563283  0.826167   4.970
 0.020890  0.991435  0.128918   0.570
 0.015660  0.797212 -0.603496   4.960
 0.015209  0.969464 -0.244761   3.720
 0.008773  0.816259 -0.577619   4.360
 0.007869  0.899112  0.437648   4.830
 0.002731  0.733545 -0.679635   3.940
 0.001204  0.583757  0.811927   3.730
 0.001455  0.707754  0.706458   1.900
 0.000969  0.796397  0.604774   2.650
 0.000197  0.695452  0.718572   4.330
-0.000243  0.998561 -0.053630   4.530
-0.010252  0.985805  0.167582   4.130
-0.016057  0.938726  0.344290   4.640
-0.016515  0.918551  0.394958   4.180
-0.020858  0.958670 -0.283755   4.970
-0.025948  0.965869 -0.257727   4.670
-0.031942  0.966436  0.254914   4.420
-0.025785  0.573445 -0.818838   4.720
-0.050481  0.968093  0.245456   4.460
-0.050504  0.959303  0.277824   4.960
-0.064386  0.991922 -0.109297   3.980
-0.059929  0.921888  0.382793   3.300
-0.058358  0.868414  0.492394   4.330
-0.059008  0.815611 -0.575584   4.370
-0.029008  0.351958  0.935566   4.770
-0.044031  0.512988  0.857266   4.450
-0.087012  0.994882 -0.051368   4.920
-0.076609  0.862075 -0.500957   3.020
-0.080396  0.830616 -0.551011   3.850
-0.094068  0.946632 -0.308285   1.960
-0.092394  0.919157  0.382902   2.900
-0.103190  0.991433  0.080075   4.410
-0.063223  0.602742 -0.795428  -0.630
-0.070722  0.648413  0.757997   4.950
-0.103313  0.836282 -0.538478   4.470
-0.124467  0.984640 -0.122442   4.640
-0.118278  0.930936  0.345497   4.140
-0.127138  0.908777 -0.397443   4.330
-0.141907  0.981617  0.127635   4.510
-0.091540  0.595156 -0.798379   4.380
-0.140291  0.909994 -0.390165   4.530
-0.150465  0.931987 -0.329788   3.950
-0.157143  0.946360  0.282329   2.020
-0.119573  0.719144 -0.684495   3.180
-0.156309  0.936817 -0.312956   4.430
-0.165376  0.955471 -0.244390   4.820
-0.125927  0.726577  0.675447   4.790
-0.175202  0.969417  0.171856   4.670
-0.172483  0.888756  0.424691   3.010
-0.185697  0.955591  0.228827   4.490
-0.187455  0.939218 -0.287630  -1.440
-0.191377  0.955807  0.223175   3.340
-0.101874  0.498104  0.861112   4.870
-0.203039  0.969137  0.139817   4.770
-0.207134  0.977407  0.042088   4.470
-0.098180  0.460014 -0.882467   3.250
-0.181955  0.823449 -0.537424   3.530
-0.128005  0.579126 -0.805126   4.410
-0.137166  0.619531 -0.772895   2.940
-0.163829  0.727475  0.666288   4.980
-0.181724  0.805183 -0.564496   4.990
-0.189359  0.807511  0.558632   3.610
-0.217255  0.912850 -0.345695   4.820
-0.213470  0.886905 -0.409672   3.840
-0.229099  0.950795 -0.208571   4.070
-0.229957  0.946122  0.227974   4.700
-0.225639  0.911358 -0.344258   4.680
-0.235146  0.941182 -0.242657   4.970
-0.231839  0.927491 -0.293277   4.390
-0.160346  0.639942 -0.751508   4.950
-0.129510  0.507379  0.851935   4.360
-0.175616  0.683752  0.708267   4.900
-0.221358  0.846388 -0.484383   1.530
-0.058385  0.217640  0.974281   4.540
-0.235056  0.851638 -0.468467   3.470
-0.270333  0.959925 -0.073921   4.980
-0.248388  0.880355 -0.404077   3.040
-0.264464  0.925980 -0.269479   4.110
-0.178415  0.623301 -0.761356   4.930
-0.258491  0.899851  0.351356   4.010
-0.263359  0.856175 -0.444529   1.840
-0.098642  0.318918 -0.942635   3.760
-0.227828  0.735412 -0.638172   4.830
-0.300830  0.950811 -0.073884   4.920
-0.263866  0.822593  0.503701   4.390
-0.237953  0.736108  0.633658   4.890
-0.308443  0.951204 -0.008600   4.150
-0.213289  0.651016 -0.728482   4.500
-0.221383  0.669179 -0.709358   4.890
-0.224416  0.675222 -0.702647   4.510
-0.285270  0.849459 -0.443893   4.450
-0.212947  0.630612 -0.746312   4.750
-0.286284  0.845656 -0.450452   4.040
-0.289902  0.835027 -0.467639   4.670
-0.301307  0.867502 -0.395795   4.820
-0.123471  0.354408 -0.926903   3.970
-0.263433  0.752852 -0.603173   2.710
-0.320360  0.903504  0.284691   3.580
-0.268530  0.755094 -0.598100   4.710
-0.306126  0.856471 -0.415625   4.920
-0.305283  0.853701 -0.421896   4.400
-0.317623  0.871206  0.374320   3.540
-0.331966  0.885226 -0.325842   4.970
-0.312850  0.813992 -0.489430   2.460
-0.360299  0.918805  0.161192   4.990
-0.323224  0.823430  0.466357   3.790
-0.241317  0.607063  0.757126   4.620
-0.367290  0.918865  0.144172   2.890
-0.370723  0.915693  0.155151   4.330
-0.322249  0.786584  0.526727   4.180
-0.276241  0.673290 -0.685837   3.260
-0.373509  0.904001  0.208024   4.540
-0.351667  0.850502 -0.391121   4.860
-0.330606  0.791212 -0.514474   4.640
-0.051108  0.121767  0.991242   4.890
-0.385229  0.888091 -0.250784   4.960
-0.369133  0.848411 -0.379393   4.450
-0.340599  0.777772  0.528265   1.580
-0.340612  0.777764  0.528268   2.880
-0.355718  0.804794 -0.475153   4.650
-0.246595  0.556067 -0.793713   4.930
-0.362465  0.814851  0.452368   4.070
-0.337771  0.746617 -0.573126   4.530
-0.375795  0.821747 -0.428380   4.690
-0.373058  0.810871 -0.450906   4.660
-0.373080  0.810843 -0.450937   4.450
-0.345219  0.747417  0.567619   4.890
-0.418111  0.903820  0.091067   0.400
-0.329934  0.711956 -0.619889   4.840
-0.409185  0.873647 -0.263266   4.970
-0.421617  0.891463 -0.165928   3.940
-0.128486  0.269919 -0.954272   3.950
-0.225650  0.467784  0.854553   4.960
-0.381475  0.788136  0.483030   4.250
-0.383985  0.791314 -0.475791   4.610
-0.382916  0.786768 -0.484120   3.980
-0.400822  0.817749  0.413073   3.570
-0.349464  0.706660 -0.615229   3.620
-0.391513  0.791160  0.469875   1.220
-0.423575  0.848408  0.317471   4.870
-0.408563  0.801106 -0.437385   4.500
-0.310059  0.606327 -0.732278   4.690
-0.316551  0.613056 -0.723849   4.110
-0.416482  0.806106 -0.420399   3.330
-0.357221  0.670301 -0.650453   3.720
-0.367485  0.686478 -0.627458   4.490
-0.306837  0.570689 -0.761686   4.620
-0.316857  0.587836 -0.744346   4.250
-0.424310  0.785590  0.450344   4.980
-0.293672  0.525580 -0.798450   3.460
-0.449682  0.804125 -0.388804   4.200
-0.423919  0.751810 -0.505048   4.790
-0.322064  0.567854 -0.757507   4.470
-0.497973  0.864815 -0.064177   4.940
-0.473965  0.822029 -0.315636   4.610
-0.223131  0.385182 -0.895459   4.810
-0.504462  0.863092 -0.024303   4.680
-0.508115  0.860326  0.040735   4.390
-0.454021  0.759230  0.466299   4.940
-0.393332  0.657313 -0.642830   2.220
-0.481415  0.773847 -0.411583   2.830
-0.193114  0.309257 -0.931164   4.400
-0.330887  0.527186  0.782681   4.800
-0.531395  0.845524 -0.052053   4.360
-0.256254  0.406094 -0.877167   4.750
-0.503890  0.798407 -0.329608   4.400
-0.362787  0.572275 -0.735450   4.270
-0.362956  0.572300 -0.735348   1.790
-0.528236  0.819098 -0.223709   4.720
-0.417728  0.647206 -0.637673   4.420
-0.396883  0.614478 -0.681836   4.760
-0.528776  0.803969 -0.272082   4.990
-0.445596  0.676476 -0.586366   4.780
-0.420781  0.635438 -0.647427   4.430
-0.553861  0.817163  0.159632   3.520
-0.128614  0.186218 -0.974054   4.060
-0.455971  0.660011 -0.597055   4.450
-0.124793  0.177165 -0.976237   4.340
-0.484882  0.683660 -0.545435   4.820
-0.295572  0.412417 -0.861713   1.950
-0.386101  0.538663 -0.748844   4.830
-0.425557  0.592033  0.684396   4.240
-0.592252  0.802867 -0.068127   3.890
-0.240263  0.325479 -0.914515   3.770
-0.298196  0.387690  0.872224   3.360
-0.402204  0.502362 -0.765418   4.980
-0.332195  0.412694 -0.848133   4.850
-0.464403  0.565153 -0.681859   4.140
-0.631776  0.768753  0.099385   4.140
-0.637539  0.768210  0.058286   4.450
-0.558266  0.667041 -0.493351   4.880
-0.627691  0.747890 -0.216020   4.970
-0.524828  0.624899 -0.577977   3.970
-0.278777  0.331606  0.901288   4.590
-0.388129  0.461355 -0.797814   3.600
-0.324751  0.384913 -0.863932   4.330
-0.442689  0.524658 -0.727159   3.810
-0.438527  0.517007 -0.735117   4.770
-0.623580  0.731912 -0.274687   4.870
-0.390657  0.455694 -0.799831   4.830
-0.652352  0.755594  0.059283   4.290
-0.608349  0.704246  0.365990   4.670
-0.547928  0.632588 -0.547364   3.690
-0.649768  0.749631 -0.125917   4.640
-0.483507  0.554259 -0.677509   4.060
-0.625542  0.715274  0.311577   3.930
-0.380363  0.434854 -0.816227   1.940
-0.460011  0.519823 -0.719843   3.900
-0.645375  0.727059 -0.234255   4.320
-0.582876  0.654798  0.481140   4.020
-0.364387  0.409306 -0.836475   4.500
-0.660980  0.742029  0.111795   3.400
-0.667055  0.738032  0.101713   4.350
-0.474674  0.518952 -0.710896   4.950
-0.599623  0.651331 -0.464994   4.020
-0.339070  0.354051 -0.871596   3.840
-0.689027  0.717295  0.103584   3.120
-0.613830  0.638275 -0.464562   4.880
-0.421338  0.435087 -0.795722   4.710
-0.356949  0.366503 -0.859222   4.910
-0.687434  0.696571  0.205482   4.260
-0.471126  0.474395  0.743633   3.140
-0.531811  0.531393 -0.659393   4.460
-0.528741  0.525798  0.666310   3.970
-0.286140  0.280095 -0.916335   4.000
-0.272091  0.266115  0.924743   4.770
-0.488377  0.473165  0.733214   3.580
-0.490009  0.472558 -0.732516   3.750
-0.216116  0.206621 -0.954254   4.470
-0.241314  0.229721 -0.942866   4.670
-0.722430  0.685723  0.088761   4.990
-0.569304  0.537755  0.621862   4.560
-0.531088  0.495265 -0.687501   2.210
-0.658254  0.613574 -0.436151   4.610
-0.455839  0.421849  0.783744   4.460
-0.286938  0.262028  0.921416   4.820
-0.330018  0.299984  0.895041   4.640
-0.381559  0.346681 -0.856870   3.430
-0.344270  0.311950 -0.885531   3.960
-0.258825  0.230605 -0.937993   1.670
-0.749396  0.660889  0.040381   3.890
-0.589198  0.513937 -0.623470   4.920
-0.598881  0.521742 -0.607558   4.630
-0.443692  0.385054  0.809241   4.820
-0.405353  0.351744 -0.843780   4.330
-0.387182  0.333352 -0.859631   2.250
-0.610771  0.517770  0.599060   3.820
-0.748751  0.629542 -0.207482   4.780
-0.756751  0.632273 -0.166006   4.810
-0.356078  0.296286 -0.886241   4.800
-0.634565  0.527504  0.564860   3.130
-0.692469  0.573404 -0.437829   4.710
-0.442649  0.364523 -0.819259   2.480
-0.678878  0.553659 -0.482272   4.720
-0.699016  0.562755  0.441229   4.470
-0.727121  0.571639 -0.380163   4.730
-0.777933  0.610046 -0.150547   1.990
-0.790162  0.610991 -0.048309   4.920
-0.640606  0.494914 -0.587098   4.490
-0.604981  0.461289 -0.649007   3.590
-0.433452  0.328942 -0.838997   3.160
-0.361243  0.273383  0.891496   3.650
-0.734646  0.555001  0.390216   4.300
-0.783014  0.590335  0.195943   4.970
-0.798418  0.601749 -0.020675   4.550
-0.496618  0.371324  0.784531   3.180
-0.647505  0.478154  0.593385   4.550
-0.411840  0.303512 -0.859226   4.100
-0.277601  0.204513  0.938676   4.560
-0.495646  0.364009  0.788564   4.480
-0.621310  0.455297  0.637713   4.810
-0.528345  0.380965 -0.758760   4.340
-0.122424  0.088061  0.988563   4.260
-0.812584  0.577181  0.081056   4.670
-0.392242  0.276312 -0.877381   4.520
-0.818629  0.573977 -0.019944   3.900
-0.809800  0.560990  0.171797   3.530
-0.753621  0.521426 -0.400213   4.770
-0.753912  0.516987 -0.405390   4.920
-0.733992  0.494145 -0.465915   4.790
-0.384104  0.256052 -0.887075   3.690
-0.762795  0.505595  0.403134   2.970
-0.352580  0.230937 -0.906838   3.010
-0.435079  0.274543  0.857515   3.780
-0.818568  0.514093 -0.256232   4.110
-0.582733  0.365272 -0.725946   4.580
-0.497843  0.310766  0.809677   4.560
-0.763758  0.473718  0.438480   3.880
-0.767209  0.469202 -0.437310   4.870
-0.808012  0.490940 -0.325723   4.930
-0.498054  0.296716 -0.814802   3.540
-0.857965  0.494281  0.139937   4.670
-0.854288  0.468075 -0.226050   4.600
-0.844116  0.451983  0.288408   3.520
-0.720142  0.385209  0.577070   4.490
-0.869348  0.462705  0.173605   4.370
-0.882802  0.469701 -0.006486   4.480
-0.864502  0.457866  0.207352   1.410
-0.547068  0.288018 -0.785978   4.860
-0.867626  0.448832 -0.213953   3.610
-0.305354  0.152682 -0.939919   3.300
-0.664849  0.328820 -0.670711   3.840
-0.825972  0.399779  0.397425   3.440
-0.432166  0.208260 -0.877417   3.370
-0.659780  0.317898  0.680905   3.440
-0.519047  0.243105 -0.819445   4.560
-0.854017  0.399433  0.333328   4.780
-0.852457  0.397632  0.339419   2.230
-0.852469  0.397617  0.339407   3.470
-0.507171  0.234042 -0.829459   4.496
-0.680381  0.308898 -0.664578   4.820
-0.681971  0.309610  0.662614   3.050
-0.803296  0.363202  0.472018   0.000
-0.357674  0.161179 -0.919832   4.970
-0.377973  0.168026  0.910441   4.940
-0.251515  0.111463 -0.961414   3.990
-0.761972  0.331657  0.556239   4.730
-0.877902  0.381311 -0.289638   3.820
-0.787221  0.337600 -0.516052   4.270
-0.492163  0.210413 -0.844691   4.680
-0.477572  0.203015 -0.854816   3.830
-0.737810  0.313625  0.597726   4.210
-0.285778  0.117883 -0.951018   4.720
-0.517470  0.212688  0.828848   4.830
-0.267195  0.109266 -0.957428   4.930
-0.548085  0.223213 -0.806088   4.900
-0.439795  0.177634 -0.880356   3.370
-0.916282  0.366435  0.161717   3.850
-0.707340  0.281372  0.648460   4.730
-0.230037  0.089351  0.969072   4.850
-0.184240  0.071214 -0.980298   4.100
-0.500474  0.193146 -0.843932   4.440
-0.830446  0.313680 -0.460396   4.880
-0.623297  0.235206 -0.745774   3.840
-0.910567  0.342466 -0.231485   4.920
-0.897181  0.332845 -0.290311   4.910
-0.795478  0.294571  0.529568   4.680
-0.480440  0.177839 -0.858808   4.740
-0.530264  0.194819 -0.825146   4.280
-0.406464  0.143467 -0.902333   4.760
-0.407983  0.142561 -0.901791   2.740
-0.337193  0.117642  0.934056   4.990
-0.464315  0.160924 -0.870928   4.560
-0.415137  0.142710 -0.898496   4.800
-0.155813  0.052298 -0.986401   4.450
-0.617580  0.204336 -0.759501   2.720
-0.410512  0.135657 -0.901708   4.850
-0.915404  0.290274 -0.278885   3.110
-0.792172  0.237242  0.562298   3.790
-0.495608  0.147996 -0.855845   3.790
-0.699046  0.207136  0.684419   4.670
-0.872542  0.251791  0.418655   4.470
-0.766989  0.217334 -0.603734   4.600
-0.916839  0.246634 -0.313972   4.080
-0.715398  0.191174 -0.672055   4.380
-0.964630  0.255944  0.063095   4.850
-0.967049  0.250871 -0.043351   4.720
-0.535916  0.138993  0.832751   2.350
-0.909054  0.233703  0.344968   4.410
-0.459108  0.115048  0.880899   1.820
-0.963409  0.235668  0.127688   4.620
-0.863506  0.209974 -0.458550   4.930
-0.450386  0.107005 -0.886398   4.610
-0.502498  0.114649 -0.856943   3.920
-0.696134  0.155402  0.700890   3.000
-0.901260  0.192974 -0.387931   4.460
-0.484638  0.101687 -0.868784   4.620
-0.917814  0.186280  0.350595   2.560
-0.944807  0.191193  0.266054   3.330
-0.902337  0.178652  0.392265   4.570
-0.980180  0.187592 -0.063689   4.470
-0.838224  0.154666  0.522934   3.790
-0.824062  0.150950  0.546019   3.490
-0.773549  0.139421  0.618210   4.760
-0.951742  0.170642 -0.255084   3.570
-0.572444  0.098346 -0.814024   3.890
-0.980204  0.167829  0.105037   4.050
-0.716058  0.117174  0.688136   4.990
-0.971006  0.154121  0.182742   3.960
-0.970407  0.151051 -0.188398   4.810
-0.941583  0.145420 -0.303767   4.080
-0.989000  0.139271  0.049831   4.940
-0.990261  0.128986 -0.052397   4.760
-0.350223  0.043927  0.935636   3.810
-0.843476  0.099825 -0.527810   3.540
-0.580512  0.064189 -0.811718   4.620
-0.451151  0.047853 -0.891164   3.120
-0.980305  0.100086 -0.170248   4.690
-0.994843  0.100400 -0.014377   4.300
-0.818639  0.070855 -0.569920   4.700
-0.466457  0.038977 -0.883685   4.940
-0.947050  0.063057 -0.314832   4.710
-0.987592  0.063501  0.143633   4.840
-0.394306  0.024796 -0.918645   3.630
-0.991623  0.061261  0.113713   4.030
-0.670742  0.040877  0.740563   3.700
-0.481250  0.028352 -0.876125   4.110
-0.759087  0.044706 -0.649453   4.890
-0.937090  0.049170  0.345608   4.530
-0.393185  0.020189 -0.919238   4.740
-0.966729  0.046183  0.251597   2.130
-0.441239  0.019874 -0.897170   4.320
-0.337989  0.014840 -0.941033   4.970
-0.998702  0.040569  0.030795   3.600
-0.704437  0.027231 -0.709244   4.460
-0.419094  0.014903 -0.907821   4.940
-0.829536  0.025675 -0.557863   4.290
-0.591872  0.015936  0.805874   2.430
-0.204123  0.000333 -0.978945   4.910
-0.993337 -0.003785  0.115185   4.660
-0.449078 -0.005928 -0.893473   4.330
-0.451331 -0.008509 -0.892316   4.730
-0.988151 -0.022463  0.151830   4.120
-0.428525 -0.012871 -0.903438   4.140
-0.633509 -0.022364 -0.773412   4.460
-0.632657 -0.023083 -0.774088   2.580
-0.907685 -0.033337 -0.418325   4.040
-0.922177 -0.040766 -0.384614   3.010
-0.609792 -0.031029 -0.791954   3.960
-0.517657 -0.034259 -0.854902   2.790
-0.542929 -0.036599  0.838980   3.300
-0.951230 -0.065708 -0.301404   2.590
-0.911610 -0.065114  0.405866   4.930
-0.835914 -0.060294  0.545539   4.990
-0.374140 -0.028741 -0.926927   4.060
-0.184863 -0.014831 -0.982652   4.250
-0.436905 -0.035224 -0.898818   4.050
-0.996163 -0.086741 -0.011638   3.890
-0.994396 -0.088527  0.057783   4.970
-0.948280 -0.085954  0.305577   4.730
-0.491781 -0.045968 -0.869505   3.590
-0.895632 -0.088233  0.435956   4.800
-0.618251 -0.065049  0.783284   4.760
-0.882980 -0.102168  0.458157   4.920
-0.449067 -0.052187 -0.891973   4.800
-0.619018 -0.071977 -0.782072   4.820
-0.449405 -0.052392 -0.891790   1.280
-0.449396 -0.052409 -0.891794   1.580
-0.874662 -0.103283  0.473603   4.340
-0.886203 -0.104843  0.451278   4.960
-0.634917 -0.078070 -0.768626   3.910
-0.950615 -0.124578 -0.284274   2.970
-0.537968 -0.073611 -0.839745   1.650
-0.950926 -0.133942 -0.278924   4.310
-0.303735 -0.043318 -0.951771   3.840
-0.341810 -0.050295  0.938422   3.890
-0.742481 -0.110112  0.660755   4.250
-0.907466 -0.137190 -0.397096   2.660
-0.337747 -0.051582  0.939823   4.950
-0.912362 -0.139820  0.384767   4.790
-0.937876 -0.144895  0.315269   4.990
-0.351481 -0.057531 -0.934426   2.690
-0.653141 -0.108428 -0.749433   3.850
-0.975795 -0.168751 -0.139096   4.650
-0.754619 -0.132637 -0.642618   4.640
-0.645843 -0.118294 -0.754250   2.180
-0.983211 -0.180713 -0.025295   3.500
-0.983209 -0.180722 -0.025294   3.480
-0.967697 -0.178847  0.177697   4.870
-0.496312 -0.091858 -0.863271   4.920
-0.647179 -0.121674 -0.752566   4.660
-0.475510 -0.095953 -0.874462   4.690
-0.365280 -0.074782 -0.927889   3.080
-0.540834 -0.110965 -0.833778   4.620
-0.493795 -0.104331 -0.863297   1.310
-0.808852 -0.181860 -0.559183   4.910
-0.864218 -0.198324  0.462379   4.930
-0.639245 -0.150861 -0.754060   4.320
-0.906952 -0.214794  0.362356   4.920
-0.743360 -0.176534 -0.645176   4.270
-0.544291 -0.130746  0.828645   1.760
-0.958570 -0.231693 -0.165719   4.790
-0.526726 -0.127900 -0.840358   4.000
-0.498329 -0.121141 -0.858483   4.610
-0.969007 -0.239820  0.059262   3.420
-0.761249 -0.189899  0.620031   2.890
-0.922827 -0.242633  0.299198   4.750
-0.829554 -0.223344  0.511818   4.890
-0.534550 -0.145054  0.832596   4.940
-0.945854 -0.263094  0.190109   2.840
-0.304885 -0.084941 -0.948594   3.610
-0.624288 -0.177701 -0.760715   4.830
-0.635564 -0.189103 -0.748531   4.710
-0.616787 -0.185370 -0.764992   4.280
-0.848212 -0.256005  0.463679   4.780
-0.878265 -0.272937 -0.392627   4.940
-0.949329 -0.299094 -0.096523   4.390
-0.909444 -0.286694  0.301196   4.320
-0.840831 -0.272689  0.467593   4.250
-0.751395 -0.244335 -0.612949   4.850
-0.476471 -0.155489 -0.865331   4.590
-0.725129 -0.241625  0.644829   4.930
-0.486778 -0.163470 -0.858094   4.910
-0.356209 -0.121349 -0.926493   4.780
-0.372044 -0.130319 -0.919021   4.850
-0.716519 -0.252123  0.650411   4.710
-0.938921 -0.330668  0.095322   4.790
-0.894348 -0.318486 -0.314178   4.740
-0.865359 -0.310361 -0.393485   3.000
-0.752585 -0.276141 -0.597797   2.760
-0.453803 -0.171099 -0.874521   4.530
-0.536542 -0.205760  0.818404   2.220
-0.536578 -0.205809  0.818369   3.860
-0.401387 -0.154094 -0.902853   4.530
-0.914080 -0.356353 -0.193572   1.060
-0.534533 -0.208475  0.819031   4.000
-0.892242 -0.358013 -0.275194   4.750
-0.899817 -0.365516  0.238174   4.970
-0.712483 -0.298931 -0.634829   3.900
-0.915083 -0.388264 -0.108968   4.700
-0.914961 -0.398464  0.063818   4.920
-0.600933 -0.262711  0.754892   4.670
-0.915800 -0.401499 -0.010399   3.380
-0.729527 -0.320228  0.604355   4.940
-0.734196 -0.332507  0.591941   4.910
-0.539643 -0.251318 -0.803508   2.280
-0.523165 -0.246009  0.815952   4.630
-0.750692 -0.373004 -0.545279   4.230
-0.557132 -0.279771 -0.781877   4.640
-0.851359 -0.430343  0.299988   4.490
-0.581460 -0.294802  0.758285   1.860
-0.732360 -0.378992 -0.565698   4.290
-0.854518 -0.442360  0.272245   4.040
-0.663147 -0.343392 -0.665070   3.400
-0.654817 -0.339484 -0.675252   3.470
-0.827158 -0.429280  0.362667   4.910
-0.843199 -0.438341 -0.311243   4.960
-0.377506 -0.199526  0.904256   4.610
-0.728499 -0.386499  0.565604   4.750
-0.740849 -0.393198 -0.544553   4.550
-0.747260 -0.402396 -0.528847   4.740
-0.832543 -0.455260  0.315611   2.680
-0.593921 -0.327659 -0.734777   2.530
-0.386145 -0.217688 -0.896384   4.710
-0.645343 -0.366126 -0.670436   3.820
-0.616503 -0.351216 -0.704679   3.860
-0.862098 -0.506025  0.026954   4.240
-0.603239 -0.354361 -0.714514   4.340
-0.423938 -0.254283 -0.869262   0.640
-0.370317 -0.223366  0.901650   3.650
-0.641660 -0.393387 -0.658422   4.360
-0.761084 -0.468092 -0.449044   3.260
-0.685294 -0.422761 -0.592997   2.080
-0.182440 -0.114943  0.976475   4.800
-0.502511 -0.319869 -0.803223   4.740
-0.762953 -0.487924  0.424068   4.820
-0.807584 -0.518666 -0.280701   4.940
-0.837303 -0.545120  0.042040   4.990
-0.823123 -0.539128 -0.178351   4.180
-0.516565 -0.340235  0.785749   4.520
-0.783787 -0.526987  0.328577   0.160
-0.824460 -0.556181 -0.104538   4.080
-0.517338 -0.349493  0.781164   4.750
-0.574328 -0.388790  0.720410   4.180
-0.670861 -0.461057  0.580838   4.810
-0.128722 -0.088660 -0.987710   4.900
-0.799108 -0.554929 -0.231257   4.520
-0.569467 -0.396541 -0.720044   3.550
-0.786789 -0.549658  0.280783   4.840
-0.453021 -0.318169 -0.832791   4.350
-0.645406 -0.454261 -0.614083   4.050
-0.576079 -0.406039 -0.709412   4.780
-0.425049 -0.304917 -0.852267   4.920
-0.626051 -0.450847 -0.636237   4.420
-0.717989 -0.517336 -0.465677   4.790
-0.497837 -0.365686  0.786404   4.050
-0.565961 -0.419313 -0.709834   4.560
-0.564309 -0.418254 -0.711772   4.350
-0.088394 -0.065959 -0.993899   4.310
-0.197624 -0.148280  0.968998   4.240
-0.694757 -0.524363 -0.492297   4.980
-0.797501 -0.602064 -0.038875   4.840
-0.680263 -0.530667  0.505604   3.570
-0.618178 -0.483312  0.619892   3.040
-0.500633 -0.393315 -0.771149   4.430
-0.677885 -0.542507  0.496143   4.470
-0.577099 -0.465274 -0.671175   2.340
-0.502093 -0.413478 -0.759565   4.050
-0.373855 -0.312549 -0.873238   1.350
-0.373861 -0.312619 -0.873211  -0.010
-0.732851 -0.618902  0.282648   4.860
-0.741022 -0.628145  0.237320   3.780
-0.741020 -0.628148  0.237318   3.780
-0.753696 -0.641706  0.141968   4.860
-0.514951 -0.439535 -0.735958   2.290
-0.600981 -0.513105 -0.612817   4.000
-0.321052 -0.275435 -0.906124   3.180
-0.753703 -0.649778 -0.098594   3.870
-0.676728 -0.585285  0.446633   4.810
-0.617708 -0.535346 -0.576057   4.050
-0.669483 -0.587048  0.455156   4.660
-0.614455 -0.538800 -0.576316   4.930
-0.669485 -0.587055  0.455144   2.500
-0.718461 -0.631411  0.291775   4.600
-0.747828 -0.663070  0.033031   3.730
-0.141306 -0.127078 -0.981776   3.810
-0.650465 -0.597549 -0.468861   4.420
-0.200728 -0.185073  0.962006   2.060
-0.706074 -0.651994 -0.276338   2.750
-0.733679 -0.678311 -0.040117   4.930
-0.692804 -0.642609  0.327225   4.670
-0.530621 -0.493250 -0.689308   4.330
-0.713685 -0.696355 -0.075787   4.470
-0.291392 -0.285311  0.913065   4.690
-0.519311 -0.512701 -0.683706   2.680
-0.526538 -0.522698 -0.670481   3.130
-0.696332 -0.702266 -0.148136   4.950
-0.533972 -0.543118  0.647994   3.480
-0.634891 -0.646682  0.422747   4.790
-0.697636 -0.715522  0.036492   4.400
-0.468373 -0.484119  0.739091   4.830
-0.627922 -0.650632 -0.427073   3.280
-0.617985 -0.642438  0.453176   4.510
-0.470905 -0.492421 -0.731963   3.910
-0.470901 -0.492428 -0.731961   4.820
-0.620777 -0.661645  0.420548   4.930
-0.477987 -0.516376 -0.710552   4.060
-0.441435 -0.489982 -0.751700   3.860
-0.628929 -0.699855 -0.338602   4.560
-0.410476 -0.457021 -0.789076   3.410
-0.475340 -0.531762 -0.700914   4.820
-0.563126 -0.639990 -0.522783   4.920
-0.549613 -0.629493  0.549239   3.470
-0.644004 -0.747449 -0.163032   2.610
-0.337254 -0.393183 -0.855375   4.070
-0.289180 -0.337535 -0.895793   4.850
-0.562080 -0.657127 -0.502246   4.340
-0.434431 -0.511052 -0.741684   4.280
-0.235030 -0.277406 -0.931561   2.880
-0.199642 -0.239466  0.950157   3.030
-0.484215 -0.584131 -0.651404   3.220
-0.513413 -0.621748 -0.591470   3.560
-0.425904 -0.517296 -0.742301   4.990
-0.450573 -0.549910 -0.703266   3.380
-0.505818 -0.619951 -0.599841   4.530
-0.545744 -0.669179  0.504344   4.997
-0.545740 -0.669181  0.504347   4.997
-0.322175 -0.395650 -0.860037   4.510
-0.322176 -0.395653 -0.860035   4.510
-0.618474 -0.765103 -0.179185   4.920
-0.498771 -0.618633  0.607059   4.300
-0.322816 -0.401967  0.856862   3.300
-0.487365 -0.609077 -0.625700   4.610
-0.538432 -0.688102  0.486422   3.660
-0.132247 -0.174569  0.975724   4.990
-0.511132 -0.684052  0.520401   4.160
-0.585053 -0.791942 -0.174757   4.610
-0.529172 -0.719641  0.449548   2.220
-0.582018 -0.792339  0.182902   4.120
-0.444763 -0.607362 -0.658253   2.780
-0.569927 -0.781038 -0.255269   3.920
-0.416210 -0.572272 -0.706593   4.550
-0.235076 -0.325703 -0.915782   4.110
-0.515138 -0.715731 -0.471552   3.600
-0.427538 -0.599682 -0.676456   4.340
-0.502001 -0.708059 -0.496637   3.660
-0.473887 -0.675314 -0.565139   4.660
-0.523805 -0.750031 -0.403834   4.950
-0.404941 -0.584753 -0.702913   4.650
-0.534873 -0.774987  0.336609   4.510
-0.533506 -0.775869 -0.336747   4.750
-0.463586 -0.678851 -0.569429   4.730
-0.505397 -0.740488  0.443003   3.820
-0.118179 -0.175304  0.977396   4.290
-0.554717 -0.824479  0.111913   2.630
-0.531406 -0.804296  0.265923   3.660
-0.545796 -0.828086  0.127983   4.420
-0.514990 -0.798646  0.311366   4.090
-0.483981 -0.756737  0.439444   4.600
-0.537732 -0.840990 -0.059833   3.550
-0.532662 -0.842719  0.078072   3.710
-0.444445 -0.704123 -0.553786   3.960
-0.480690 -0.761693 -0.434466   4.650
-0.432875 -0.687607  0.582937   4.810
-0.497332 -0.790248  0.358008   4.740
-0.389154 -0.626881  0.674966   4.610
-0.473580 -0.769884 -0.427786   4.670
-0.501005 -0.816172 -0.287850   4.130
-0.231799 -0.382529 -0.894394   2.840
-0.494284 -0.826322  0.269955   3.850
-0.446635 -0.749867 -0.488074   3.880
-0.454093 -0.767733  0.452090   4.140
-0.293379 -0.497020  0.816639   4.960
-0.491167 -0.835415 -0.246650   4.950
-0.452850 -0.775362 -0.440160   2.890
-0.374457 -0.645352 -0.665809   4.990
-0.391503 -0.678938 -0.621103   3.430
-0.460369 -0.800068 -0.384645   2.300
-0.428924 -0.753838  0.497747   4.980
-0.257032 -0.453790  0.853235   4.010
-0.452900 -0.802906  0.387587   4.820
-0.339733 -0.605386  0.719785   4.720
-0.318549 -0.570063 -0.757334   4.640
-0.438495 -0.785750 -0.436256   4.970
-0.380654 -0.682520 -0.623914   4.890
-0.259469 -0.465860 -0.845961   4.660
-0.473909 -0.858210 -0.197196   4.160
-0.450963 -0.825729 -0.338827   2.620
-0.450954 -0.825758 -0.338768   4.910
-0.335054 -0.620255 -0.709241   4.720
-0.380244 -0.704661 -0.599056   4.220
-0.443548 -0.823818 -0.352972   3.950
-0.440812 -0.823884 -0.356229   4.320
-0.330243 -0.626160  0.706303   4.240
-0.374419 -0.711440  0.594696   4.730
-0.428070 -0.840095 -0.333160   4.130
-0.447005 -0.877296 -0.174752   4.940
-0.400081 -0.787779 -0.468337   4.580
-0.259458 -0.517442 -0.815436   4.950
-0.443923 -0.893745 -0.064433   2.730
-0.195305 -0.397953 -0.896376   3.850
-0.278821 -0.578156 -0.766808   4.980
-0.106413 -0.221864  0.969254   4.960
-0.376899 -0.792840 -0.478907   4.790
-0.427806 -0.900161 -0.081808   3.240
-0.292617 -0.625668  0.723128   3.900
-0.271178 -0.580488 -0.767786   4.010
-0.082572 -0.177779 -0.980600   4.740
-0.383274 -0.827928 -0.409435   4.590
-0.376910 -0.819353 -0.431972   2.910
-0.392037 -0.859454  0.328094   3.740
-0.414339 -0.909946  0.017959   4.820
-0.355533 -0.781022  0.513421   4.850
-0.194006 -0.435700  0.878935   2.730
-0.381731 -0.858420 -0.342632   4.490
-0.389115 -0.888702  0.242485   4.580
-0.367345 -0.840673 -0.397903   4.570
-0.374350 -0.871573 -0.316580   4.260
-0.265909 -0.620292 -0.737923   4.530
-0.387350 -0.910364 -0.145595   4.640
-0.141524 -0.333344  0.932123   4.970
-0.132455 -0.313828 -0.940195   4.910
-0.288987 -0.686152  0.667594   4.900
-0.344816 -0.826412 -0.445135   1.070
-0.345744 -0.836846 -0.424440   4.790
-0.355255 -0.859997  0.366333   2.780
-0.378770 -0.924843  0.034619   3.900
-0.362304 -0.887128 -0.285901   4.290
-0.310018 -0.761406 -0.569342   4.240
-0.348106 -0.863075 -0.365955   4.440
-0.364703 -0.909575  0.199163   4.840
-0.071006 -0.179002 -0.981283   3.870
-0.263193 -0.668871 -0.695227   4.920
-0.270176 -0.686788  0.674780   4.210
-0.316205 -0.822482 -0.472797   2.830
-0.291393 -0.762828 -0.577221   4.170
-0.347645 -0.919517 -0.183387   2.580
-0.228079 -0.616143  0.753888   4.880
-0.145146 -0.403815  0.903253   4.840
-0.286804 -0.801960  0.524026   2.850
-0.319602 -0.897213 -0.304734   4.920
-0.256832 -0.734384  0.628265   3.480
-0.071191 -0.204082 -0.976362   4.230
-0.175421 -0.518983  0.836591   4.850
-0.043973 -0.131365  0.990358   4.220
-0.109614 -0.340718 -0.933754   1.910
-0.211156 -0.662008  0.719138   4.820
-0.155147 -0.490465 -0.857539   3.760
-0.296075 -0.936663 -0.187090   4.640
-0.247870 -0.788105 -0.563428   2.290
-0.230668 -0.752961 -0.616313   3.000
-0.229233 -0.753735 -0.615903   3.560
-0.209874 -0.708470 -0.673813   4.770
-0.279525 -0.943778  0.176490   4.370
-0.208058 -0.709014 -0.673804   3.610
-0.115852 -0.404210  0.907300   4.880
-0.265045 -0.950377  0.162896   3.190
-0.148017 -0.539395 -0.828941   3.110
-0.156232 -0.578864 -0.800318   4.050
-0.220975 -0.828878  0.513937   3.910
-0.253658 -0.964487 -0.073632   4.810
-0.238207 -0.940200  0.243479   4.980
-0.197387 -0.803959 -0.560970   4.860
-0.230270 -0.947807  0.220541   4.880
-0.091142 -0.401055  0.911509   3.180
-0.206788 -0.940100 -0.271019   2.430
-0.150987 -0.712682 -0.685046   3.320
-0.190430 -0.949722  0.248526   3.370
-0.176919 -0.890078  0.420073   3.130
-0.156034 -0.785284  0.599152   3.140
-0.173098 -0.877217 -0.447803   4.330
-0.188184 -0.982103 -0.007772   4.740
-0.155083 -0.823238  0.546103   4.810
-0.146103 -0.782033  0.605870   4.630
-0.165833 -0.960761 -0.222346   4.340
-0.157956 -0.919402 -0.360207   4.390
-0.062454 -0.373124 -0.925677   4.760
-0.149547 -0.893888 -0.422611   3.260
-0.125785 -0.787113  0.603847   4.510
-0.085366 -0.559501 -0.824422   2.820
-0.083291 -0.547415 -0.832706   3.320
-0.133388 -0.902493 -0.409530   4.160
-0.145208 -0.986763  0.072200   4.320
-0.144513 -0.985523 -0.088661   4.540
-0.123107 -0.858401 -0.497989   4.280
-0.078673 -0.606426  0.791238   2.800
-0.114336 -0.890637  0.440106   4.390
-0.101206 -0.789054 -0.605930   2.680
-0.061582 -0.485740 -0.871931   3.600
-0.113677 -0.906712 -0.406141   4.800
-0.078980 -0.639584 -0.764653   2.850
-0.069144 -0.566737  0.820992   4.890
-0.007201 -0.059105  0.998226   4.350
-0.068939 -0.566925  0.820880   4.860
-0.091637 -0.792262 -0.603261   1.630
-0.106539 -0.970237  0.217462   2.090
-0.072961 -0.684405 -0.725443   4.580
-0.079796 -0.777049 -0.624361   4.270
-0.036375 -0.360478  0.932058   4.780
-0.072263 -0.727801 -0.681971   1.860
-0.094136 -0.959495 -0.265532   3.540
-0.095551 -0.985355 -0.141226   4.620
-0.062152 -0.691793  0.719417   3.810
-0.055578 -0.648189 -0.759448   4.760
-0.078969 -0.971654 -0.222830   4.240
-0.024132 -0.305594  0.951856   4.570
-0.059299 -0.774550 -0.629727   2.390
-0.067126 -0.926813 -0.369474   4.870
-0.071823 -0.994234  0.079630   2.770
-0.026563 -0.426154 -0.904261   3.590
-0.052273 -0.883681  0.465162   3.420
-0.047976 -0.883028 -0.466862   4.560
-0.041401 -0.763496 -0.644484   3.010
-0.052745 -0.997490  0.047233   3.750
-0.040171 -0.849833 -0.525519   4.810
-0.035310 -0.797399 -0.602418   3.190
-0.032752 -0.764328 -0.643996   4.810
-0.015429 -0.546284  0.837458   3.740
-0.013013 -0.795890  0.605301   3.840
-0.009220 -0.622598  0.782487   2.230
-0.010015 -0.715107 -0.698943   4.860
-0.008510 -0.872473  0.488589   3.700
-0.007176 -0.746414 -0.665443   4.880
-0.005648 -0.864350  0.502858   4.410
-0.004186 -0.985477 -0.169756   3.320
-0.000828 -0.914846 -0.403803   4.740
 0.000238 -0.957567  0.288212   4.670
 0.001146 -0.997094  0.076173   4.790
 0.002105 -0.997924 -0.064363   4.630
 0.002812 -0.998687  0.051143   3.980
 0.006113 -0.929783  0.368056   4.890
 0.007648 -0.999711  0.022776   4.440
 0.013302 -0.989736 -0.142288   4.770
 0.013311 -0.989736 -0.142289   4.770
 0.019049 -0.869458 -0.493640   4.650
 0.023776 -0.998765  0.043621   4.030
 0.021851 -0.862024 -0.506396   3.630
 0.024361 -0.925425  0.378146   4.990
 0.018560 -0.641295 -0.767070   3.670
 0.031503 -0.987902  0.151845   4.640
 0.031618 -0.985594  0.166147   3.720
 0.028845 -0.876147  0.481180   3.840
 0.031001 -0.878627 -0.476501   4.560
 0.016602 -0.443252 -0.896243   4.330
 0.035712 -0.934053  0.355344   4.370
 0.034051 -0.694396 -0.718787   4.520
 0.046813 -0.914456 -0.401968   4.960
 0.044307 -0.852351  0.521089   4.980
 0.056010 -0.931530 -0.359326   3.840
 0.061557 -0.798763 -0.598488   3.130
 0.070087 -0.887907 -0.454653   4.650
 0.069967 -0.805321  0.588696   4.320
 0.082035 -0.923801  0.373980   4.930
 0.028942 -0.318676  0.947422   4.230
 0.090769 -0.994128  0.058909   4.850
 0.079357 -0.863884 -0.497400   2.700
 0.027233 -0.295576  0.954931   3.570
 0.092730 -0.994406 -0.050572   3.250
 0.048285 -0.474803 -0.878766   4.360
 0.101801 -0.982607 -0.155303   4.670
 0.095857 -0.923721  0.370878   3.850
 0.086880 -0.820679 -0.564745   1.810
 0.103369 -0.930694 -0.350889   4.860
 0.046805 -0.411029  0.910420   4.830
 0.081615 -0.690246 -0.718957   3.490
 0.109954 -0.896455 -0.429277   2.830
 0.082197 -0.649952 -0.755517   4.110
 0.122970 -0.960016 -0.251492   4.690
 0.063481 -0.460825 -0.885218   4.620
 0.096097 -0.689059 -0.718306   4.930
 0.077058 -0.538486  0.839104   4.780
 0.107717 -0.731597 -0.673174   4.620
 0.151435 -0.978012 -0.143390   3.850
 0.125096 -0.769413  0.626382   0.030
 0.181126 -0.970792 -0.157340   4.710
 0.059455 -0.312896 -0.947925   4.010
 0.186791 -0.971799 -0.143928   4.900
 0.156189 -0.797524 -0.582719   4.860
 0.153786 -0.777166  0.610216   4.340
 0.083660 -0.416331 -0.905356   4.780
 0.176344 -0.873456 -0.453847   3.170
 0.185333 -0.917865  0.350964   4.210
 0.178454 -0.875669  0.448728   4.830
 0.193561 -0.930146  0.312028   4.350
 0.203686 -0.975531 -0.082771   4.230
 0.181056 -0.815346  0.549937   3.520
 0.112820 -0.496561  0.860639   4.640
 0.105388 -0.454520 -0.884480   4.220
 0.145753 -0.616268  0.773931   4.910
 0.215955 -0.896595 -0.386628   4.850
 0.075397 -0.311669  0.947195   4.820
 0.188398 -0.777190  0.600401   4.280
 0.218377 -0.896700  0.385022   4.590
 0.214097 -0.870572 -0.443020   2.070
 0.172154 -0.699109  0.693981   4.190
 0.242199 -0.967454  0.073301   4.610
 0.242302 -0.967430  0.073275   4.960
 0.095175 -0.375090 -0.922090   4.400
 0.245130 -0.964124 -0.101860   4.820
 0.232518 -0.903471 -0.360105   3.530
 0.152074 -0.583168 -0.797990   4.850
 0.202114 -0.771470 -0.603310   4.830
 0.214075 -0.813927  0.540087   3.250
 0.248384 -0.933124  0.259970   4.020
 0.219191 -0.817836  0.532071   4.940
 0.264562 -0.959170 -0.099999   4.020
 0.233944 -0.834913 -0.498187   2.610
 0.201775 -0.714073 -0.670363   4.740
 0.258690 -0.892115 -0.370420   3.770
 0.273345 -0.931595  0.239609   2.990
 0.284022 -0.955032 -0.085114   3.440
 0.228032 -0.764693 -0.602699   4.230
 0.228037 -0.764690 -0.602700   4.990
 0.255015 -0.848124 -0.464385   3.320
 0.223441 -0.726876 -0.649404   4.580
 0.235535 -0.753061 -0.614347   4.100
 0.279771 -0.890519 -0.358753   2.900
 0.232657 -0.737565 -0.633932   4.110
 0.118325 -0.361189  0.924955   3.080
 0.245306 -0.735722  0.631298   4.410
 0.292730 -0.855721 -0.426674   4.870
 0.092723 -0.271010  0.958100   4.450
 0.303977 -0.880100  0.364721   4.770
 0.257277 -0.743306  0.617499   4.340
 0.196968 -0.563218  0.802489   3.800
 0.314288 -0.892039 -0.324791   4.880
 0.342731 -0.934680 -0.094382   4.990
 0.141793 -0.386068  0.911508   4.590
 0.332081 -0.892072 -0.306480   3.930
 0.335644 -0.900990 -0.274883   4.580
 0.251822 -0.667853 -0.700398   4.010
 0.252029 -0.663307 -0.704631   4.280
 0.271682 -0.708807 -0.650985   3.960
 0.311980 -0.811400  0.494266   4.990
 0.363925 -0.929842  0.054336   3.370
 0.368597 -0.929570  0.005909   4.680
 0.343021 -0.841539  0.417311   4.440
 0.236289 -0.572528  0.785098   3.770
 0.340583 -0.814974  0.468850   3.080
 0.321438 -0.759360  0.565730   4.740
 0.136309 -0.319727  0.937654   4.670
 0.395801 -0.909311  0.128431   4.450
 0.269549 -0.611030 -0.744302   4.890
 0.261368 -0.584007  0.768519   4.500
 0.371533 -0.827593 -0.420777   4.610
 0.409506 -0.912031 -0.022454   4.360
 0.407202 -0.905107 -0.122345   4.970
 0.363299 -0.784661  0.502316   4.680
 0.402265 -0.861713  0.309248   4.390
 0.365907 -0.782399 -0.503948   0.000
 0.407064 -0.862621  0.300307   4.380
 0.349323 -0.714029  0.606743   4.890
 0.311960 -0.632770  0.708719   2.910
 0.439561 -0.879127  0.184179   2.710
 0.421252 -0.841567 -0.338099   4.880
 0.428185 -0.845940  0.317872   3.830
 0.153504 -0.300708  0.941282   3.840
 0.459221 -0.874842  0.154164   0.930
 0.430073 -0.816842  0.384457   4.910
 0.471219 -0.881841  0.017551   3.870
 0.433750 -0.803363  0.408006   4.600
 0.472905 -0.868740  0.147144   4.720
 0.358928 -0.652473 -0.667420   4.120
 0.479175 -0.870597  0.111586   3.720
 0.294681 -0.533651  0.792704   4.910
 0.434077 -0.784393 -0.443063   4.700
 0.379076 -0.684838  0.622333   4.950
 0.250660 -0.452561  0.855780   4.970
 0.397683 -0.715185  0.574769   3.900
 0.434526 -0.776322 -0.456631   4.530
 0.466909 -0.818935  0.333678   3.510
 0.445092 -0.779118 -0.441440   4.850
 0.407375 -0.707472 -0.577520   4.370
 0.147590 -0.254114 -0.955847   3.950
 0.446155 -0.764262  0.465670   4.660
 0.451519 -0.761519 -0.464994   4.490
 0.192322 -0.323850  0.926355   4.510
 0.404878 -0.676786 -0.614846   4.760
 0.437543 -0.725850 -0.530752   4.990
 0.318421 -0.512631 -0.797382   4.920
 0.215083 -0.341788 -0.914833   3.550
 0.113485 -0.180056  0.977088   4.400
 0.428321 -0.676053  0.599577   4.940
 0.542037 -0.840233 -0.014337   3.250
 0.375974 -0.571817  0.729156   4.830
 0.302882 -0.460228  0.834538   4.280
 0.377320 -0.572063  0.728267   3.810
 0.533607 -0.804078  0.262149   4.950
 0.443471 -0.666632  0.599112   4.950
 0.501932 -0.749317  0.431959   4.770
 0.374955 -0.558666  0.739798   4.000
 0.493847 -0.733753  0.466607   4.520
 0.551726 -0.805414 -0.216580   4.240
 0.445529 -0.649544  0.616114   4.790
 0.553074 -0.804320 -0.217204   3.580
 0.561724 -0.797302 -0.220852   4.760
 0.558084 -0.789589 -0.255131   3.090
 0.443786 -0.620856  0.646213   2.230
 0.497016 -0.684962  0.532731   4.430
 0.325588 -0.441425 -0.836143   1.920
 0.575812 -0.758190 -0.305923   4.800
 0.523427 -0.685881  0.505560   4.010
 0.275769 -0.360752  0.890960   4.210
 0.606779 -0.793275 -0.050341   4.910
 0.399906 -0.520890  0.754155   4.950
 0.607801 -0.769520  0.196002   4.040
 0.508096 -0.639318  0.577157   4.650
 0.606523 -0.753629  0.253323   4.660
 0.308412 -0.382284 -0.871057   4.760
 0.631158 -0.774378 -0.044490   4.890
 0.614082 -0.747935  0.251986   3.630
 0.430443 -0.524183 -0.734814   3.110
 0.302557 -0.368377 -0.879066   4.860
 0.637097 -0.770542 -0.019287   4.310
 0.594664 -0.718045  0.361644   4.810
 0.616994 -0.737667  0.274162   3.780
 0.455649 -0.536182  0.710558   1.330
 0.631760 -0.730232  0.260076   4.430
 0.404702 -0.465397 -0.787161   4.520
 0.595877 -0.680215  0.426894   4.920
 0.265987 -0.303411 -0.914982   3.420
 0.311629 -0.354440  0.881623   3.420
 0.354111 -0.402537  0.844138   4.520
 0.568690 -0.644698  0.510839   4.230
 0.599489 -0.677030 -0.426899   4.150
 0.550102 -0.620623  0.558762   2.490
 0.638618 -0.717661  0.277722   4.260
 0.550079 -0.615342  0.564594   4.930
 0.536407 -0.598839  0.594693   4.570
 0.658925 -0.733895 -0.164975   3.770
 0.665707 -0.741049 -0.087637   4.460
 0.465962 -0.513263  0.720722   4.860
 0.466224 -0.511106 -0.722084   4.890
 0.561452 -0.612889 -0.556001   4.900
 0.607593 -0.652582 -0.452732   4.110
 0.607504 -0.650739  0.455498   4.570
 0.675691 -0.720458 -0.156147   4.720
 0.490209 -0.519989  0.699504   4.790
 0.361473 -0.378227 -0.852222   3.650
 0.525700 -0.538829  0.658258   3.940
 0.477161 -0.477886  0.737524   4.760
 0.601328 -0.594591 -0.533729   4.670
 0.677732 -0.652168 -0.339641   4.850
 0.520107 -0.498194  0.693752   3.710
 0.692660 -0.657613 -0.296256   4.080
 0.489884 -0.462445  0.739025   4.530
 0.660443 -0.620589 -0.422711   4.520
 0.721630 -0.663607 -0.197173   4.510
 0.726771 -0.663973  0.175909   4.710
 0.644463 -0.575526  0.503426   3.200
 0.738927 -0.650992  0.173768   4.500
 0.591619 -0.519789  0.616285   3.740
 0.751044 -0.653886  0.091464   3.940
 0.586355 -0.503385  0.634659   4.260
 0.623481 -0.532889  0.572101   4.420
 0.643496 -0.549898 -0.532471   4.720
 0.350864 -0.298135  0.887699   2.470
 0.455981 -0.383066 -0.803332   4.500
 0.581421 -0.484590 -0.653546   4.810
 0.726212 -0.598182  0.338812   4.090
 0.739211 -0.608024 -0.289609   4.290
 0.326706 -0.258843 -0.908990   4.230
 0.725170 -0.573388 -0.381253   3.750
 0.262845 -0.204141  0.942995   3.230
 0.733421 -0.569292 -0.371484   4.510
 0.726658 -0.557845  0.400970   4.520
 0.793709 -0.600501 -0.097082   2.890
 0.562476 -0.416283  0.714373   3.990
 0.630379 -0.463161  0.622980   4.870
 0.765377 -0.550585 -0.333248   4.520
 0.805855 -0.576128 -0.136653   4.690
 0.381081 -0.272022  0.883618   4.790
 0.784975 -0.549181 -0.286730   3.680
 0.179635 -0.124064 -0.975879   3.740
 0.264008 -0.181581  0.947274   4.540
 0.516663 -0.354779  0.779224   4.680
 0.781387 -0.533734 -0.323361   4.730
 0.429087 -0.290766  0.855184   4.020
 0.727196 -0.489840  0.480876   4.770
 0.817201 -0.550245  0.171499   2.390
 0.792507 -0.531982  0.298208   4.340
 0.748789 -0.502001  0.432794   4.150
 0.697017 -0.465966 -0.545016   4.340
 0.402095 -0.267534  0.875640   4.310
 0.544913 -0.357963  0.758243   4.250
 0.803469 -0.526573 -0.277772   2.850
 0.677538 -0.415486 -0.606888   3.010
 0.494197 -0.291343 -0.819078   4.410
 0.872547 -0.487080 -0.037609   4.750
 0.478346 -0.266898 -0.836630   4.720
 0.374580 -0.208080  0.903545   4.400
 0.874728 -0.476525  0.088173   4.850
 0.878353 -0.477980 -0.005582   2.940
 0.677878 -0.367618 -0.636662   4.460
 0.854076 -0.461618 -0.239714   4.290
 0.796122 -0.427722  0.428070   3.770
 0.602934 -0.319800 -0.730889   1.770
 0.741257 -0.392544 -0.544470   4.500
 0.732351 -0.387628 -0.559827   4.970
 0.268955 -0.140297  0.952880   4.800
 0.742382 -0.386512  0.547245   4.290
 0.747943 -0.388748 -0.538012   4.940
 0.882226 -0.458281  0.107962   3.530
 0.468303 -0.241568  0.849904   3.340
 0.688232 -0.343594  0.638968   4.500
 0.487938 -0.240528  0.839085   4.180
 0.674195 -0.330228 -0.660614   4.810
 0.710633 -0.346716  0.612200   4.120
 0.892088 -0.431089 -0.135427   4.170
 0.448213 -0.212584 -0.868282   2.860
 0.624736 -0.287922  0.725814   4.560
 0.799887 -0.367390  0.474557   4.810
 0.888539 -0.407190  0.211413   4.820
 0.909072 -0.415936 -0.024211   3.850
 0.559074 -0.250202  0.790466   4.430
 0.594181 -0.262943  0.760138   4.600
 0.915533 -0.401524  0.024038   4.810
 0.389029 -0.166471 -0.906059   4.500
 0.917175 -0.389985  0.081863   4.800
 0.921916 -0.387389 -0.000358   3.659
 0.921917 -0.387387 -0.000349   4.100
 0.483163 -0.202183  0.851866   4.070
 0.669320 -0.279744 -0.688298   3.960
 0.621171 -0.258790  0.739712   4.350
 0.667093 -0.277147 -0.691503   4.150
 0.674917 -0.277879  0.683572   4.530
 0.908940 -0.373493 -0.185288   4.830
 0.591731 -0.241205  0.769204   3.780
 0.782630 -0.318169 -0.535032   4.290
 0.436306 -0.174066 -0.882801   4.950
 0.932568 -0.360988 -0.002051   4.040
 0.581917 -0.219385  0.783098   4.650
 0.728899 -0.267961  0.630002   4.890
 0.673350 -0.243370  0.698119   4.500
 0.837815 -0.302228 -0.454669   4.190
 0.925076 -0.330032  0.187919   3.420
 0.821678 -0.291953  0.489499   4.800
 0.644929 -0.226270 -0.729978   2.120
 0.815779 -0.284874  0.503340   2.940
 0.708553 -0.245706 -0.661500   4.840
 0.894356 -0.309755 -0.322768   4.680
 0.563779 -0.189647 -0.803858   4.850
 0.142121 -0.047513 -0.988708   4.140
 0.869908 -0.288826  0.399800   3.960
 0.927935 -0.307366  0.210862   4.210
 0.113287 -0.037091  0.992870   4.780
 0.594889 -0.191700 -0.780614   3.490
 0.926482 -0.293934 -0.235017   4.040
 0.384692 -0.121883  0.914963   3.500
 0.867147 -0.273397  0.416306   3.510
 0.695862 -0.212634  0.685976   4.940
 0.803715 -0.243706 -0.542815   4.510
 0.948723 -0.287274 -0.131903   3.750
 0.094511 -0.027809  0.995135   4.690
 0.923270 -0.270638 -0.272630   3.270
 0.948982 -0.275579  0.153265   4.910
 0.810310 -0.232550 -0.537883   4.220
 0.621641 -0.176981  0.763047   4.980
 0.837332 -0.233587 -0.494279   1.230
 0.585211 -0.154400 -0.796046   4.120
 0.715713 -0.185359  0.673348   3.640
 0.855851 -0.214283  0.470747   2.470
 0.968010 -0.241904  0.066623   4.500
 0.623142 -0.154838  0.766629   4.650
 0.937098 -0.230343  0.262278   2.490
 0.495004 -0.117439  0.860918   4.850
 0.890699 -0.211042 -0.402637   4.480
 0.705738 -0.166573 -0.688612   4.330
 0.960287 -0.226098  0.163489   4.540
 0.878891 -0.206497  0.430011   4.760
 0.245789 -0.056861  0.967654   4.420
 0.909904 -0.204027 -0.361176   3.680
 0.902182 -0.200360 -0.382000   4.720
 0.687604 -0.151309 -0.710145   3.880
 0.636796 -0.133758  0.759342   4.540
 0.974747 -0.196886 -0.105379   4.230
 0.969216 -0.188872 -0.157947   4.240
 0.973409 -0.185472 -0.134445   4.997
 0.980973 -0.185509  0.057255   3.700
 0.517370 -0.097222 -0.850221   4.000
 0.644741 -0.120240  0.754885   4.830
 0.970579 -0.180309 -0.159580   4.410
 0.366744 -0.066938  0.927911   4.860
 0.829520 -0.150660 -0.537771   4.410
 0.901911 -0.156446  0.402592   4.590
 0.926860 -0.151071 -0.343669   3.960
 0.459644 -0.071079  0.885254   4.970
 0.907275 -0.138105  0.397214   4.430
 0.925550 -0.138133 -0.352528   4.370
 0.989372 -0.143749  0.021913   4.930
 0.984118 -0.138448  0.111105   4.280
 0.966482 -0.130867  0.220877   4.540
 0.517316 -0.068032  0.853086   4.890
 0.784472 -0.092949 -0.613159   4.380
 0.927771 -0.108672 -0.356974   4.710
 0.848719 -0.096875  0.519896   4.980
 0.731571 -0.079874 -0.677070   4.710
 0.685586 -0.067331  0.724871   3.870
 0.697733 -0.067645 -0.713157   4.740
 0.724844 -0.069358  0.685413   4.290
 0.213316 -0.019275  0.976793   3.220
 0.965582 -0.085393 -0.245683   4.980
 0.991377 -0.086949  0.098040   4.140
 0.712667 -0.061071  0.698839   4.150
 0.949029 -0.075676 -0.305970   4.820
 0.996452 -0.078218  0.031063   4.500
 0.965202 -0.072903 -0.251139   4.490
 0.869419 -0.060828  0.490318   4.940
 0.688084 -0.041982  0.724416   4.980
 0.519406 -0.029363  0.854023   4.880
 0.880849 -0.042596 -0.471478   4.580
 0.537147 -0.013165  0.843386   4.510
 0.905219 -0.008853  0.424854   4.660
 0.998058 -0.005779 -0.062024   4.880
 0.562729 -0.002433  0.826638   4.880
 0.992830 -0.002983  0.119501   4.030
 0.413468 -0.000151 -0.910519   4.500
