      50
 0.492722  0.223805 -0.840914   0.540
 0.404980  0.501552  0.764485   1.810
 0.343904  0.894973  0.284171   0.990
 0.195052  0.970363 -0.142657   0.280
 0.130500  0.682316  0.719315   0.080
 0.150628  0.982385  0.110596   1.660
 0.128659  0.868442  0.478806   1.680
 0.103579  0.994400 -0.020976   1.720
 0.083809  0.995905 -0.033898   1.740
 0.020890  0.991435  0.128918   0.570
 0.001455  0.707754  0.706458   1.900
-0.094068  0.946632 -0.308285   1.960
-0.063223  0.602742 -0.795428  -0.630
-0.187455  0.939218 -0.287630  -1.440
-0.221358  0.846388 -0.484383   1.530
-0.263359  0.856175 -0.444529   1.840
-0.340599  0.777772  0.528265   1.580
-0.418111  0.903820  0.091067   0.400
-0.391513  0.791160  0.469875   1.220
-0.362956  0.572300 -0.735348   1.790
-0.295572  0.412417 -0.861713   1.950
-0.380363  0.434854 -0.816227   1.940
-0.258825  0.230605 -0.937993   1.670
-0.777933  0.610046 -0.150547   1.990
-0.864502  0.457866  0.207352   1.410
-0.803296  0.363202  0.472018   0.000
-0.459108  0.115048  0.880899   1.820
-0.449405 -0.052392 -0.891790   1.280
-0.449396 -0.052409 -0.891794   1.580
-0.537968 -0.073611 -0.839745   1.650
-0.493795 -0.104331 -0.863297   1.310
-0.544291 -0.130746  0.828645   1.760
-0.914080 -0.356353 -0.193572   1.060
-0.581460 -0.294802  0.758285   1.860
-0.423938 -0.254283 -0.869262   0.640
-0.783787 -0.526987  0.328577   0.160
-0.373855 -0.312549 -0.873238   1.350
-0.373861 -0.312619 -0.873211  -0.010
-0.344816 -0.826412 -0.445135   1.070
-0.109614 -0.340718 -0.933754   1.910
-0.091637 -0.792262 -0.603261   1.630
-0.072263 -0.727801 -0.681971   1.860
 0.086880 -0.820679 -0.564745   1.810
 0.125096 -0.769413  0.626382   0.030
 0.365907 -0.782399 -0.503948   0.000
 0.459221 -0.874842  0.154164   0.930
 0.325588 -0.441425 -0.836143   1.920
 0.455649 -0.536182  0.710558   1.330
 0.602934 -0.319800 -0.730889   1.770
 0.837332 -0.233587 -0.494279   1.230
