     168
 0.873268  0.031974  0.486189   2.060
 0.512384  0.020530  0.858511   2.280
 0.963483  0.055705  0.261913   2.830
 0.219234  0.024737 -0.975359   2.820
 0.734702  0.084632 -0.673090   2.400
 0.542803  0.096950  0.834245   2.250
 0.933977  0.179811 -0.308795   2.050
 0.474230  0.119798  0.872212   2.180
 0.775554  0.243535  0.582415   2.080
 0.462042  0.181575  0.868071   2.680
 0.492722  0.223805 -0.840914   0.540
 0.820248  0.448329  0.355238   2.660
 0.413575  0.235827 -0.879398   2.860
 0.633856  0.380480  0.673396   2.170
 0.779681  0.483298  0.398148   2.020
 0.010127  0.007899  0.999918   2.000
 0.698256  0.712286  0.071319   2.550
 0.411647  0.429248  0.803924   2.940
 0.514650  0.552710  0.655475   2.110
 0.404980  0.501552  0.764485   1.810
 0.498865  0.764417  0.408412   2.870
 0.443248  0.724251  0.528196   2.880
 0.389160  0.659699  0.642924   2.910
 0.493390  0.837856 -0.233590   2.960
 0.343904  0.894973  0.284171   0.990
 0.227242  0.805654  0.547068   2.680
 0.224701  0.970386 -0.088659   2.790
 0.195052  0.970363 -0.142657   0.280
 0.130500  0.682316  0.719315   0.080
 0.150628  0.982385  0.110596   1.660
 0.128659  0.868442  0.478806   1.680
 0.129146  0.926116 -0.354445   2.840
 0.121839  0.992536 -0.005220   2.230
 0.113009  0.945279 -0.306066   2.590
 0.106420  0.988976 -0.102964   2.780
 0.103579  0.994400 -0.020976   1.720
 0.073456  0.825050 -0.560265   2.660
 0.083809  0.995905 -0.033898   1.740
 0.052638  0.984386 -0.167966   2.060
 0.020890  0.991435  0.128918   0.570
 0.001455  0.707754  0.706458   1.900
 0.000969  0.796397  0.604774   2.650
-0.094068  0.946632 -0.308285   1.960
-0.092394  0.919157  0.382902   2.900
-0.063223  0.602742 -0.795428  -0.630
-0.157143  0.946360  0.282329   2.020
-0.187455  0.939218 -0.287630  -1.440
-0.137166  0.619531 -0.772895   2.940
-0.221358  0.846388 -0.484383   1.530
-0.263359  0.856175 -0.444529   1.840
-0.263433  0.752852 -0.603173   2.710
-0.312850  0.813992 -0.489430   2.460
-0.367290  0.918865  0.144172   2.890
-0.340599  0.777772  0.528265   1.580
-0.340612  0.777764  0.528268   2.880
-0.418111  0.903820  0.091067   0.400
-0.391513  0.791160  0.469875   1.220
-0.393332  0.657313 -0.642830   2.220
-0.481415  0.773847 -0.411583   2.830
-0.362956  0.572300 -0.735348   1.790
-0.295572  0.412417 -0.861713   1.950
-0.380363  0.434854 -0.816227   1.940
-0.531088  0.495265 -0.687501   2.210
-0.258825  0.230605 -0.937993   1.670
-0.387182  0.333352 -0.859631   2.250
-0.442649  0.364523 -0.819259   2.480
-0.777933  0.610046 -0.150547   1.990
-0.762795  0.505595  0.403134   2.970
-0.864502  0.457866  0.207352   1.410
-0.852457  0.397632  0.339419   2.230
-0.803296  0.363202  0.472018   0.000
-0.407983  0.142561 -0.901791   2.740
-0.617580  0.204336 -0.759501   2.720
-0.535916  0.138993  0.832751   2.350
-0.459108  0.115048  0.880899   1.820
-0.917814  0.186280  0.350595   2.560
-0.966729  0.046183  0.251597   2.130
-0.591872  0.015936  0.805874   2.430
-0.632657 -0.023083 -0.774088   2.580
-0.517657 -0.034259 -0.854902   2.790
-0.951230 -0.065708 -0.301404   2.590
-0.449405 -0.052392 -0.891790   1.280
-0.449396 -0.052409 -0.891794   1.580
-0.950615 -0.124578 -0.284274   2.970
-0.537968 -0.073611 -0.839745   1.650
-0.907466 -0.137190 -0.397096   2.660
-0.351481 -0.057531 -0.934426   2.690
-0.645843 -0.118294 -0.754250   2.180
-0.493795 -0.104331 -0.863297   1.310
-0.544291 -0.130746  0.828645   1.760
-0.761249 -0.189899  0.620031   2.890
-0.945854 -0.263094  0.190109   2.840
-0.752585 -0.276141 -0.597797   2.760
-0.536542 -0.205760  0.818404   2.220
-0.914080 -0.356353 -0.193572   1.060
-0.539643 -0.251318 -0.803508   2.280
-0.581460 -0.294802  0.758285   1.860
-0.832543 -0.455260  0.315611   2.680
-0.593921 -0.327659 -0.734777   2.530
-0.423938 -0.254283 -0.869262   0.640
-0.685294 -0.422761 -0.592997   2.080
-0.783787 -0.526987  0.328577   0.160
-0.577099 -0.465274 -0.671175   2.340
-0.373855 -0.312549 -0.873238   1.350
-0.373861 -0.312619 -0.873211  -0.010
-0.514951 -0.439535 -0.735958   2.290
-0.669485 -0.587055  0.455144   2.500
-0.200728 -0.185073  0.962006   2.060
-0.706074 -0.651994 -0.276338   2.750
-0.519311 -0.512701 -0.683706   2.680
-0.644004 -0.747449 -0.163032   2.610
-0.235030 -0.277406 -0.931561   2.880
-0.529172 -0.719641  0.449548   2.220
-0.444763 -0.607362 -0.658253   2.780
-0.554717 -0.824479  0.111913   2.630
-0.231799 -0.382529 -0.894394   2.840
-0.452850 -0.775362 -0.440160   2.890
-0.460369 -0.800068 -0.384645   2.300
-0.450963 -0.825729 -0.338827   2.620
-0.443923 -0.893745 -0.064433   2.730
-0.376910 -0.819353 -0.431972   2.910
-0.194006 -0.435700  0.878935   2.730
-0.344816 -0.826412 -0.445135   1.070
-0.355255 -0.859997  0.366333   2.780
-0.316205 -0.822482 -0.472797   2.830
-0.347645 -0.919517 -0.183387   2.580
-0.286804 -0.801960  0.524026   2.850
-0.109614 -0.340718 -0.933754   1.910
-0.247870 -0.788105 -0.563428   2.290
-0.206788 -0.940100 -0.271019   2.430
-0.085366 -0.559501 -0.824422   2.820
-0.078673 -0.606426  0.791238   2.800
-0.101206 -0.789054 -0.605930   2.680
-0.078980 -0.639584 -0.764653   2.850
-0.091637 -0.792262 -0.603261   1.630
-0.106539 -0.970237  0.217462   2.090
-0.072263 -0.727801 -0.681971   1.860
-0.059299 -0.774550 -0.629727   2.390
-0.071823 -0.994234  0.079630   2.770
-0.009220 -0.622598  0.782487   2.230
 0.079357 -0.863884 -0.497400   2.700
 0.086880 -0.820679 -0.564745   1.810
 0.109954 -0.896455 -0.429277   2.830
 0.125096 -0.769413  0.626382   0.030
 0.214097 -0.870572 -0.443020   2.070
 0.233944 -0.834913 -0.498187   2.610
 0.273345 -0.931595  0.239609   2.990
 0.279771 -0.890519 -0.358753   2.900
 0.365907 -0.782399 -0.503948   0.000
 0.311960 -0.632770  0.708719   2.910
 0.439561 -0.879127  0.184179   2.710
 0.459221 -0.874842  0.154164   0.930
 0.443786 -0.620856  0.646213   2.230
 0.325588 -0.441425 -0.836143   1.920
 0.455649 -0.536182  0.710558   1.330
 0.550102 -0.620623  0.558762   2.490
 0.350864 -0.298135  0.887699   2.470
 0.793709 -0.600501 -0.097082   2.890
 0.817201 -0.550245  0.171499   2.390
 0.803469 -0.526573 -0.277772   2.850
 0.878353 -0.477980 -0.005582   2.940
 0.602934 -0.319800 -0.730889   1.770
 0.448213 -0.212584 -0.868282   2.860
 0.644929 -0.226270 -0.729978   2.120
 0.815779 -0.284874  0.503340   2.940
 0.837332 -0.233587 -0.494279   1.230
 0.855851 -0.214283  0.470747   2.470
 0.937098 -0.230343  0.262278   2.490
