Andromeda   6
0.0     0   0   2
0.2    13  40  77
0.4    54 119 181
0.6   147 132 159
0.8   202 181 182
1.0   228 214 210

Aurora  7
0.0       1   51  52
0.1667    1  70  67
0.3333   49 104  85
0.5000   84  91  83
0.6667  130  94  82
0.8333  184  95  77
1.0     235 126  97

Horsehead  5
0.0   19   8  24
0.25  77  30  84
0.5  171  64 134
0.75 225 113 213
1.0  246 211 253

Jupiter 7
0.0      33  16   8
0.1667   65  49  33
0.3333  138  82  23
0.5000  188 123  57
0.6667  221 156  90
0.8333  188 147 115
1.0     239 189 140

Mars  6
0.0   230 190 129
0.2   223 184 119
0.4   204 172 115
0.6   187 155 108
0.8   131 119  97
1.0    77  79  68

Nebula  10
0.0      72  62  35
0.111    98  65  72
0.222   186  72  62
0.333   255 122  87
0.444   250 166  76
0.556   232 199  96
0.667   144 207 216
0.778    91 125 162
0.889    70  71  89
1.0     103  94 129

Sun  4
0.0     75   4   2
0.333  157   1   2
0.667  255 132   3
1.0    255 202 148

Rainbow  5
0.0    239  21  21
0.25   239 134  21
0.5    239 215  21
0.75    29 163  14
1.0     58  27 208

LandAndSea 6
0.0     255 255 255
0.1669  143 143 143
0.2654   21 118  29
0.3907  255 252  76
0.4591  135 149 255
1.0       5  28 151

GreenMarble 2
0.0   255 255 255
1.0     0 153  51

Moai 3
0.0   108  96  84
0.2    96  81  72
1.0    96  81  72


Asteroid 2
0.0   255 255 255
1.0    40  40  40

Comet 2
0.0    96  80  72
1.0    30  30  30

Grass 4
0.0   37  46  45
0.33      24  42  20
0.6      55 86   52
1.0   199 233 167


